45.05	-161.878	
45.2266	-160.776	
45.4039	-159.682	
45.5818	-158.594	
45.7605	-157.513	
45.9399	-156.439	
46.1199	-155.371	
46.3007	-154.31	
46.4822	-153.256	
46.6644	-152.208	
46.8473	-151.167	
47.0309	-150.132	
47.2153	-149.103	
47.4003	-148.081	
47.5861	-147.065	
47.7727	-146.056	
47.9599	-145.052	
48.1479	-144.055	
48.3366	-143.063	
48.5261	-142.078	
48.7163	-141.099	
48.9072	-140.125	
49.0989	-139.158	
49.2914	-138.196	
49.4846	-137.241	
49.6786	-136.291	
49.8733	-135.346	
50.0688	-134.408	
50.265	-133.475	
50.4621	-132.547	
50.6598	-131.626	
50.8584	-130.709	
51.0578	-129.799	
51.2579	-128.893	
51.4588	-127.993	
51.6605	-127.099	
51.863	-126.209	
52.0663	-125.325	
52.2704	-124.447	
52.4753	-123.573	
52.6809	-122.705	
52.8874	-121.841	
53.0947	-120.983	
53.3029	-120.13	
53.5118	-119.282	
53.7215	-118.439	
53.9321	-117.601	
54.1435	-116.768	
54.3557	-115.939	
54.5688	-115.116	
54.7827	-114.297	
54.9974	-113.483	
55.213	-112.674	
55.4294	-111.869	
55.6467	-111.069	
55.8648	-110.274	
56.0838	-109.484	
56.3036	-108.698	
56.5243	-107.916	
56.7458	-107.139	
56.9683	-106.367	
57.1916	-105.599	
57.4157	-104.835	
57.6408	-104.076	
57.8667	-103.321	
58.0935	-102.57	
58.3212	-101.824	
58.5498	-101.082	
58.7793	-100.344	
59.0097	-99.6108	
59.241	-98.8814	
59.4732	-98.1562	
59.7064	-97.4351	
59.9404	-96.7181	
60.1753	-96.0052	
60.4112	-95.2962	
60.648	-94.5913	
60.8857	-93.8904	
61.1244	-93.1935	
61.364	-92.5005	
61.6045	-91.8113	
61.846	-91.1261	
62.0884	-90.4447	
62.3317	-89.7671	
62.5761	-89.0933	
62.8213	-88.4233	
63.0676	-87.7571	
63.3148	-87.0946	
63.563	-86.4358	
63.8121	-85.7806	
64.0622	-85.1291	
64.3133	-84.4812	
64.5654	-83.837	
64.8185	-83.1963	
65.0726	-82.5591	
65.3276	-81.9255	
65.5837	-81.2954	
65.8408	-80.6688	
66.0988	-80.0457	
66.3579	-79.426	
66.618	-78.8097	
66.8792	-78.1968	
67.1413	-77.5873	
67.4045	-76.9811	
67.6687	-76.3783	
67.9339	-75.7788	
68.2002	-75.1825	
68.4675	-74.5896	
68.7359	-73.9998	
69.0053	-73.4133	
69.2758	-72.8301	
69.5473	-72.2499	
69.8199	-71.673	
70.0936	-71.0992	
70.3684	-70.5285	
70.6442	-69.9609	
70.9211	-69.3965	
71.1991	-68.835	
71.4781	-68.2767	
71.7583	-67.7213	
72.0396	-67.169	
72.322	-66.6196	
72.6054	-66.0732	
72.89	-65.5298	
73.1757	-64.9893	
73.4626	-64.4517	
73.7505	-63.917	
74.0396	-63.3852	
74.3298	-62.8562	
74.6211	-62.3301	
74.9136	-61.8068	
75.2073	-61.2863	
75.5021	-60.7687	
75.798	-60.2537	
76.0951	-59.7416	
76.3934	-59.2322	
76.6928	-58.7255	
76.9934	-58.2215	
77.2952	-57.7202	
77.5982	-57.2215	
77.9024	-56.7256	
78.2077	-56.2322	
78.5143	-55.7415	
78.822	-55.2534	
79.131	-54.7679	
79.4411	-54.285	
79.7525	-53.8046	
80.0651	-53.3268	
80.379	-52.8515	
80.694	-52.3787	
81.0103	-51.9084	
81.3278	-51.4406	
81.6466	-50.9753	
81.9667	-50.5125	
82.2879	-50.052	
82.6105	-49.594	
82.9343	-49.1384	
83.2594	-48.6853	
83.5857	-48.2345	
83.9133	-47.786	
84.2423	-47.3399	
84.5725	-46.8962	
84.904	-46.4548	
85.2368	-46.0157	
85.5709	-45.5789	
85.9063	-45.1444	
86.243	-44.7122	
86.581	-44.2822	
86.9204	-43.8545	
87.2611	-43.429	
87.6031	-43.0057	
87.9465	-42.5846	
88.2912	-42.1658	
88.6373	-41.7491	
88.9847	-41.3346	
89.3335	-40.9222	
89.6837	-40.512	
90.0352	-40.1039	
90.3881	-39.698	
90.7424	-39.2941	
91.0981	-38.8924	
91.4552	-38.4927	
91.8137	-38.0951	
92.1735	-37.6995	
92.5348	-37.3061	
92.8975	-36.9146	
93.2617	-36.5252	
93.6272	-36.1378	
93.9942	-35.7523	
94.3626	-35.3689	
94.7325	-34.9875	
95.1038	-34.608	
95.4766	-34.2305	
95.8509	-33.8549	
96.2266	-33.4813	
96.6037	-33.1096	
96.9824	-32.7398	
97.3625	-32.3719	
97.7442	-32.0059	
98.1273	-31.6418	
98.5119	-31.2795	
98.8981	-30.9191	
99.2857	-30.5606	
99.6749	-30.2039	
100.066	-29.849	
100.458	-29.496	
100.852	-29.1447	
101.247	-28.7953	
101.644	-28.4477	
102.042	-28.1018	
102.442	-27.7577	
102.844	-27.4153	
103.247	-27.0748	
103.651	-26.7359	
104.058	-26.3988	
104.466	-26.0634	
104.875	-25.7297	
105.286	-25.3977	
105.699	-25.0674	
106.113	-24.7388	
106.529	-24.4119	
106.947	-24.0866	
107.366	-23.763	
107.787	-23.4411	
108.209	-23.1208	
108.633	-22.8021	
109.059	-22.485	
109.487	-22.1696	
109.916	-21.8557	
110.347	-21.5435	
110.779	-21.2328	
111.213	-20.9237	
111.649	-20.6162	
112.087	-20.3102	
112.526	-20.0058	
112.967	-19.703	
113.41	-19.4016	
113.855	-19.1018	
114.301	-18.8036	
114.749	-18.5068	
115.199	-18.2116	
115.65	-17.9178	
116.104	-17.6255	
116.559	-17.3347	
117.016	-17.0454	
117.474	-16.7575	
117.935	-16.4711	
118.397	-16.1862	
118.861	-15.9027	
119.327	-15.6206	
119.795	-15.3399	
120.264	-15.0607	
120.736	-14.7829	
121.209	-14.5065	
121.684	-14.2315	
122.161	-13.9578	
122.64	-13.6856	
123.12	-13.4147	
123.603	-13.1452	
124.087	-12.8771	
124.574	-12.6103	
125.062	-12.3448	
125.552	-12.0807	
126.045	-11.8179	
126.539	-11.5565	
127.035	-11.2964	
127.532	-11.0375	
128.032	-10.78	
128.534	-10.5238	
129.038	-10.2689	
129.544	-10.0153	
130.052	-9.7629	
130.561	-9.51181	
131.073	-9.26199	
131.587	-9.01343	
132.103	-8.76612	
132.62	-8.52006	
133.14	-8.27523	
133.662	-8.03164	
134.186	-7.78928	
134.712	-7.54814	
135.24	-7.30821	
135.77	-7.06949	
136.302	-6.83198	
136.837	-6.59566	
137.373	-6.36053	
137.911	-6.12658	
138.452	-5.89381	
138.995	-5.66222	
139.539	-5.43179	
140.086	-5.20252	
140.636	-4.97441	
141.187	-4.74744	
141.74	-4.52162	
142.296	-4.29693	
142.854	-4.07338	
143.413	-3.85095	
143.976	-3.62965	
144.54	-3.40946	
145.106	-3.19037	
145.675	-2.97239	
146.246	-2.75551	
146.819	-2.53972	
147.395	-2.32502	
147.973	-2.1114	
148.553	-1.89886	
149.135	-1.68739	
149.72	-1.47698	
150.306	-1.26763	
150.896	-1.05934	
151.487	-0.8521	
152.081	-0.645904	
152.677	-0.440748	
153.275	-0.236626	
153.876	-0.0335329	
154.479	0.168535	
155.085	0.369584	
155.693	0.569619	
156.303	0.768645	
156.916	0.966666	
157.531	1.16369	
158.148	1.35971	
158.768	1.55475	
159.39	1.7488	
160.015	1.94188	
160.642	2.13397	
161.272	2.3251	
161.904	2.51526	
162.539	2.70446	
163.176	2.89271	
163.815	3.08	
164.458	3.26634	
165.102	3.45174	
165.749	3.63621	
166.399	3.81974	
167.051	4.00234	
167.706	4.18402	
168.363	4.36477	
169.023	4.54462	
169.686	4.72355	
170.351	4.90157	
171.019	5.07869	
171.689	5.25492	
172.362	5.43024	
173.038	5.60469	
173.716	5.77824	
174.397	5.95092	
175.08	6.12271	
175.767	6.29364	
176.456	6.4637	
177.147	6.63289	
177.842	6.80122	
178.539	6.9687	
179.238	7.13532	
179.941	7.3011	
180.646	7.46603	
181.354	7.63013	
182.065	7.79338	
182.779	7.95581	
183.495	8.11741	
184.215	8.27818	
184.937	8.43814	
185.662	8.59727	
186.389	8.7556	
187.12	8.91312	
187.853	9.06983	
188.59	9.22574	
189.329	9.38086	
190.071	9.53518	
190.816	9.68871	
191.564	9.84146	
192.315	9.99342	
193.069	10.1446	
193.825	10.295	
194.585	10.4447	
195.348	10.5935	
196.114	10.7416	
196.882	10.889	
197.654	11.0356	
198.429	11.1814	
199.206	11.3265	
199.987	11.4708	
200.771	11.6144	
201.558	11.7573	
202.348	11.8994	
203.141	12.0408	
203.938	12.1815	
204.737	12.3214	
205.539	12.4606	
206.345	12.5991	
207.154	12.7369	
207.966	12.874	
208.781	13.0103	
209.599	13.146	
210.421	13.2809	
211.246	13.4152	
212.074	13.5487	
212.905	13.6816	
213.74	13.8138	
214.577	13.9453	
215.418	14.0761	
216.263	14.2062	
217.11	14.3356	
217.961	14.4644	
218.816	14.5925	
219.673	14.72	
220.535	14.8467	
221.399	14.9728	
222.267	15.0983	
223.138	15.2231	
224.013	15.3472	
224.891	15.4707	
225.772	15.5936	
226.657	15.7158	
227.546	15.8373	
228.437	15.9582	
229.333	16.0785	
230.232	16.1982	
231.134	16.3172	
232.04	16.4356	
232.95	16.5534	
233.863	16.6706	
234.779	16.7871	
235.7	16.903	
236.624	17.0184	
237.551	17.1331	
238.482	17.2472	
239.417	17.3607	
240.355	17.4735	
241.298	17.5858	
242.243	17.6975	
243.193	17.8087	
244.146	17.9192	
245.103	18.0291	
246.064	18.1384	
247.028	18.2472	
247.997	18.3554	
248.969	18.463	
249.945	18.57	
250.924	18.6765	
251.908	18.7824	
252.895	18.8877	
253.886	18.9925	
254.882	19.0967	
255.881	19.2003	
256.884	19.3034	
257.891	19.4059	
258.901	19.5079	
259.916	19.6093	
260.935	19.7102	
261.958	19.8106	
262.985	19.9104	
264.015	20.0096	
265.05	20.1083	
266.089	20.2065	
267.132	20.3042	
268.179	20.4013	
269.23	20.4979	
270.286	20.594	
271.345	20.6895	
272.409	20.7845	
273.476	20.8791	
274.548	20.9731	
275.625	21.0665	
276.705	21.1595	
277.79	21.252	
278.878	21.3439	
279.971	21.4354	
281.069	21.5263	
282.171	21.6168	
283.277	21.7067	
284.387	21.7962	
285.502	21.8851	
286.621	21.9736	
287.744	22.0616	
288.872	22.1491	
290.004	22.2361	
291.141	22.3226	
292.282	22.4087	
293.428	22.4943	
294.578	22.5794	
295.733	22.664	
296.892	22.7481	
298.056	22.8318	
299.224	22.915	
300.397	22.9978	
301.574	23.08	
302.756	23.1619	
303.943	23.2432	
305.134	23.3241	
306.33	23.4046	
307.531	23.4846	
308.737	23.5641	
309.947	23.6432	
311.162	23.7219	
312.381	23.8001	
313.606	23.8778	
314.835	23.9551	
316.069	24.032	
317.308	24.1084	
318.552	24.1844	
319.8	24.26	
321.054	24.3352	
322.312	24.4099	
323.576	24.4841	
324.844	24.558	
326.117	24.6314	
327.395	24.7044	
328.679	24.777	
329.967	24.8492	
331.26	24.9209	
332.559	24.9922	
333.862	25.0632	
335.171	25.1337	
336.485	25.2038	
337.804	25.2735	
339.128	25.3427	
340.457	25.4116	
341.791	25.4801	
343.131	25.5482	
344.476	25.6158	
345.826	25.6831	
347.182	25.75	
348.543	25.8165	
349.909	25.8826	
351.281	25.9483	
352.657	26.0136	
354.04	26.0785	
355.427	26.1431	
356.821	26.2072	
358.219	26.271	
359.623	26.3344	
361.033	26.3974	
362.448	26.46	
363.869	26.5223	
365.295	26.5842	
366.727	26.6457	
368.164	26.7068	
369.607	26.7676	
371.056	26.828	
372.511	26.8881	
373.971	26.9477	
375.437	27.007	
376.908	27.066	
378.385	27.1246	
379.869	27.1828	
381.358	27.2407	
382.852	27.2982	
384.353	27.3554	
385.86	27.4122	
387.372	27.4687	
388.89	27.5248	
390.415	27.5806	
391.945	27.636	
393.481	27.6911	
395.024	27.7458	
396.572	27.8002	
398.127	27.8542	
399.687	27.908	
401.254	27.9613	
402.826	28.0144	
404.405	28.0671	
405.991	28.1195	
407.582	28.1715	
409.18	28.2232	
410.783	28.2746	
412.394	28.3257	
414.01	28.3764	
415.633	28.4268	
417.262	28.4769	
418.897	28.5266	
420.539	28.5761	
422.188	28.6252	
423.843	28.674	
425.504	28.7225	
427.172	28.7707	
428.846	28.8185	
430.527	28.8661	
432.215	28.9133	
433.909	28.9603	
435.61	29.0069	
437.317	29.0532	
439.031	29.0992	
440.752	29.1449	
442.48	29.1903	
444.214	29.2354	
445.955	29.2802	
447.703	29.3247	
449.458	29.3689	
451.22	29.4128	
452.988	29.4564	
454.764	29.4997	
456.547	29.5428	
458.336	29.5855	
460.133	29.6279	
461.936	29.6701	
463.747	29.712	
465.565	29.7535	
467.389	29.7948	
469.221	29.8359	
471.061	29.8766	
472.907	29.917	
474.761	29.9572	
476.622	29.9971	
478.49	30.0367	
480.365	30.076	
482.248	30.1151	
484.138	30.1539	
486.036	30.1924	
487.941	30.2306	
489.854	30.2686	
491.774	30.3063	
493.701	30.3437	
495.637	30.3809	
497.579	30.4178	
499.53	30.4544	
501.488	30.4908	
503.453	30.5269	
505.427	30.5627	
507.408	30.5983	
509.397	30.6336	
511.393	30.6687	
513.398	30.7035	
515.41	30.738	
517.431	30.7723	
519.459	30.8063	
521.495	30.8401	
523.539	30.8737	
525.591	30.9069	
527.651	30.94	
529.719	30.9728	
531.796	31.0053	
533.88	31.0376	
535.973	31.0696	
538.074	31.1014	
540.183	31.133	
542.3	31.1643	
544.426	31.1954	
546.56	31.2262	
548.702	31.2568	
550.853	31.2872	
553.012	31.3173	
555.18	31.3472	
557.356	31.3768	
559.54	31.4062	
561.734	31.4354	
563.935	31.4643	
566.146	31.4931	
568.365	31.5215	
570.593	31.5498	
572.829	31.5778	
575.075	31.6056	
577.329	31.6332	
579.592	31.6605	
581.864	31.6877	
584.144	31.7146	
586.434	31.7412	
588.733	31.7677	
591.04	31.7939	
593.357	31.8199	
595.683	31.8457	
598.018	31.8713	
600.362	31.8967	
602.715	31.9218	
605.077	31.9468	
607.449	31.9715	
609.83	31.996	
612.22	32.0203	
614.62	32.0443	
617.029	32.0682	
619.448	32.0919	
621.876	32.1153	
624.313	32.1386	
626.76	32.1616	
629.217	32.1844	
631.684	32.207	
634.16	32.2295	
636.645	32.2517	
639.141	32.2737	
641.646	32.2955	
644.161	32.3171	
646.686	32.3385	
649.221	32.3597	
651.765	32.3807	
654.32	32.4016	
656.885	32.4222	
659.46	32.4426	
662.045	32.4628	
664.64	32.4829	
667.245	32.5027	
669.86	32.5223	
672.486	32.5418	
675.122	32.5611	
677.768	32.5801	
680.425	32.599	
683.092	32.6177	
685.769	32.6362	
688.457	32.6545	
691.156	32.6727	
693.865	32.6906	
696.584	32.7084	
699.315	32.726	
702.056	32.7434	
704.808	32.7606	
707.57	32.7776	
710.344	32.7945	
713.128	32.8112	
715.923	32.8277	
718.73	32.844	
721.547	32.8601	
724.375	32.8761	
727.214	32.8919	
730.065	32.9075	
732.926	32.9229	
735.799	32.9382	
738.683	32.9533	
741.579	32.9682	
744.486	32.983	
747.404	32.9975	
750.333	33.0119	
753.274	33.0262	
756.227	33.0403	
759.191	33.0542	
762.167	33.0679	
765.154	33.0815	
768.154	33.0949	
771.164	33.1081	
774.187	33.1212	
777.222	33.1341	
780.268	33.1468	
783.327	33.1594	
786.397	33.1718	
789.479	33.1841	
792.574	33.1962	
795.681	33.2082	
798.799	33.2199	
801.93	33.2316	
805.074	33.243	
808.229	33.2543	
811.397	33.2655	
814.578	33.2765	
817.771	33.2874	
820.976	33.298	
824.194	33.3086	
827.425	33.319	
830.668	33.3292	
833.924	33.3393	
837.193	33.3492	
840.474	33.359	
843.769	33.3686	
847.076	33.3781	
850.396	33.3875	
853.729	33.3966	
857.076	33.4057	
860.435	33.4146	
863.808	33.4233	
867.194	33.4319	
870.593	33.4404	
874.005	33.4487	
877.431	33.4569	
880.87	33.4649	
884.323	33.4728	
887.789	33.4806	
891.269	33.4882	
894.763	33.4956	
898.27	33.503	
901.791	33.5102	
905.326	33.5172	
908.874	33.5241	
912.437	33.5309	
916.013	33.5375	
919.604	33.544	
923.208	33.5504	
926.827	33.5566	
930.46	33.5627	
934.107	33.5687	
937.768	33.5745	
941.444	33.5802	
945.134	33.5858	
948.839	33.5913	
952.558	33.5966	
956.292	33.6017	
960.04	33.6068	
963.803	33.6117	
967.581	33.6165	
971.373	33.6212	
975.181	33.6257	
979.003	33.6301	
982.841	33.6344	
986.693	33.6386	
990.561	33.6426	
994.443	33.6465	
998.341	33.6503	
1002.25	33.6539	
1006.18	33.6575	
1010.13	33.6609	
1014.09	33.6642	
1018.06	33.6674	
1022.05	33.6704	
1026.06	33.6733	
1030.08	33.6762	
1034.12	33.6789	
1038.17	33.6814	
1042.24	33.6839	
1046.33	33.6862	
1050.43	33.6884	
1054.54	33.6905	
1058.68	33.6925	
1062.83	33.6944	
1066.99	33.6962	
1071.18	33.6978	
1075.37	33.6993	
1079.59	33.7008	
1083.82	33.7021	
1088.07	33.7033	
1092.33	33.7043	
1096.62	33.7053	
1100.91	33.7062	
1105.23	33.7069	
1109.56	33.7075	
1113.91	33.7081	
1118.28	33.7085	
1122.66	33.7088	
1127.06	33.709	
1131.48	33.7091	
1135.91	33.7091	
1140.37	33.709	
1144.84	33.7087	
1149.32	33.7084	
1153.83	33.708	
1158.35	33.7074	
1162.89	33.7068	
1167.45	33.706	
1172.02	33.7052	
1176.62	33.7042	
1181.23	33.7031	
1185.86	33.702	
1190.51	33.7007	
1195.18	33.6993	
1199.86	33.6979	
1204.56	33.6963	
1209.28	33.6947	
1214.02	33.6929	
1218.78	33.691	
1223.56	33.6891	
1228.36	33.687	
1233.17	33.6848	
1238	33.6826	
1242.86	33.6802	
1247.73	33.6778	
1252.62	33.6752	
1257.53	33.6726	
1262.46	33.6699	
1267.41	33.667	
1272.38	33.6641	
1277.36	33.6611	
1282.37	33.658	
1287.4	33.6548	
1292.44	33.6515	
1297.51	33.6481	
1302.59	33.6446	
1307.7	33.6411	
1312.83	33.6374	
1317.97	33.6337	
1323.14	33.6298	
1328.32	33.6259	
1333.53	33.6219	
1338.76	33.6178	
1344	33.6136	
1349.27	33.6093	
1354.56	33.6049	
1359.87	33.6004	
1365.2	33.5959	
1370.55	33.5913	
1375.92	33.5865	
1381.32	33.5817	
1386.73	33.5769	
1392.17	33.5719	
1397.62	33.5668	
1403.1	33.5617	
1408.6	33.5565	
1414.12	33.5511	
1419.67	33.5458	
1425.23	33.5403	
1430.82	33.5347	
1436.43	33.5291	
1442.06	33.5234	
1447.71	33.5176	
1453.38	33.5117	
1459.08	33.5057	
1464.8	33.4997	
1470.54	33.4936	
1476.3	33.4874	
1482.09	33.4811	
1487.9	33.4747	
1493.73	33.4683	
1499.59	33.4618	
1505.47	33.4552	
1511.37	33.4485	
1517.29	33.4418	
1523.24	33.435	
1529.21	33.4281	
1535.2	33.4211	
1541.22	33.4141	
1547.26	33.4069	
1553.33	33.3997	
1559.41	33.3925	
1565.53	33.3851	
1571.66	33.3777	
1577.82	33.3702	
1584.01	33.3627	
1590.22	33.355	
1596.45	33.3473	
1602.71	33.3395	
1608.99	33.3317	
1615.3	33.3238	
1621.63	33.3158	
1627.98	33.3077	
1634.37	33.2996	
1640.77	33.2914	
1647.2	33.2831	
1653.66	33.2748	
1660.14	33.2663	
1666.65	33.2579	
1673.18	33.2493	
1679.74	33.2407	
1686.32	33.232	
1692.93	33.2233	
1699.57	33.2145	
1706.23	33.2056	
1712.92	33.1966	
1719.63	33.1876	
1726.37	33.1785	
1733.14	33.1694	
1739.93	33.1602	
1746.75	33.1509	
1753.6	33.1416	
1760.47	33.1322	
1767.37	33.1227	
1774.3	33.1132	
1781.26	33.1036	
1788.24	33.0939	
1795.25	33.0842	
1802.29	33.0744	
1809.35	33.0646	
1816.44	33.0547	
1823.56	33.0447	
1830.71	33.0347	
1837.89	33.0246	
1845.09	33.0145	
1852.32	33.0042	
1859.58	32.994	
1866.87	32.9836	
1874.19	32.9733	
1881.53	32.9628	
1888.91	32.9523	
1896.31	32.9418	
1903.75	32.9311	
1911.21	32.9205	
1918.7	32.9097	
1926.22	32.8989	
1933.77	32.8881	
1941.35	32.8772	
1948.96	32.8662	
1956.6	32.8552	
1964.27	32.8441	
1971.97	32.833	
1979.7	32.8218	
1987.46	32.8106	
1995.25	32.7993	
2003.07	32.7879	
2010.92	32.7765	
2018.8	32.765	
2026.71	32.7535	
2034.66	32.742	
2042.63	32.7304	
2050.64	32.7187	
2058.68	32.707	
2066.75	32.6952	
2074.85	32.6834	
2082.98	32.6715	
2091.15	32.6595	
2099.34	32.6476	
2107.57	32.6355	
2115.83	32.6234	
2124.13	32.6113	
2132.45	32.5991	
2140.81	32.5869	
2149.2	32.5746	
2157.63	32.5623	
2166.08	32.5499	
2174.57	32.5374	
2183.1	32.525	
2191.65	32.5124	
2200.24	32.4999	
2208.87	32.4872	
2217.53	32.4745	
2226.22	32.4618	
2234.95	32.4491	
2243.71	32.4362	
