95.05	-161.878	
95.4226	-160.776	
95.7966	-159.682	
96.1721	-158.594	
96.549	-157.513	
96.9275	-156.439	
97.3074	-155.371	
97.6888	-154.31	
98.0717	-153.256	
98.4562	-152.208	
98.8421	-151.167	
99.2295	-150.132	
99.6184	-149.103	
100.009	-148.081	
100.401	-147.065	
100.794	-146.056	
101.19	-145.052	
101.586	-144.055	
101.984	-143.063	
102.384	-142.078	
102.785	-141.099	
103.188	-140.125	
103.593	-139.158	
103.999	-138.196	
104.406	-137.241	
104.816	-136.291	
105.227	-135.346	
105.639	-134.408	
106.053	-133.475	
106.469	-132.547	
106.886	-131.626	
107.305	-130.709	
107.726	-129.799	
108.148	-128.893	
108.572	-127.993	
108.997	-127.099	
109.425	-126.209	
109.854	-125.325	
110.284	-124.447	
110.716	-123.573	
111.15	-122.705	
111.586	-121.841	
112.023	-120.983	
112.463	-120.13	
112.903	-119.282	
113.346	-118.439	
113.79	-117.601	
114.236	-116.768	
114.684	-115.939	
115.133	-115.116	
115.585	-114.297	
116.038	-113.483	
116.493	-112.674	
116.949	-111.869	
117.408	-111.069	
117.868	-110.274	
118.33	-109.484	
118.794	-108.698	
119.259	-107.916	
119.727	-107.139	
120.196	-106.367	
120.667	-105.599	
121.14	-104.835	
121.615	-104.076	
122.092	-103.321	
122.57	-102.57	
123.051	-101.824	
123.533	-101.082	
124.017	-100.344	
124.503	-99.6108	
124.991	-98.8814	
125.481	-98.1562	
125.973	-97.4351	
126.467	-96.7181	
126.963	-96.0052	
127.46	-95.2962	
127.96	-94.5913	
128.461	-93.8904	
128.965	-93.1935	
129.47	-92.5005	
129.978	-91.8113	
130.487	-91.1261	
130.999	-90.4447	
131.512	-89.7671	
132.028	-89.0933	
132.545	-88.4233	
133.065	-87.7571	
133.586	-87.0946	
134.11	-86.4358	
134.636	-85.7806	
135.163	-85.1291	
135.693	-84.4812	
136.225	-83.837	
136.759	-83.1963	
137.295	-82.5591	
137.833	-81.9255	
138.374	-81.2954	
138.916	-80.6688	
139.46	-80.0457	
140.007	-79.426	
140.556	-78.8097	
141.107	-78.1968	
141.66	-77.5873	
142.215	-76.9811	
142.773	-76.3783	
143.332	-75.7788	
143.894	-75.1825	
144.458	-74.5896	
145.024	-73.9998	
145.593	-73.4133	
146.163	-72.8301	
146.736	-72.2499	
147.312	-71.673	
147.889	-71.0992	
148.469	-70.5285	
149.051	-69.9609	
149.635	-69.3965	
150.221	-68.835	
150.81	-68.2767	
151.401	-67.7213	
151.995	-67.169	
152.59	-66.6196	
153.189	-66.0732	
153.789	-65.5298	
154.392	-64.9893	
154.997	-64.4517	
155.605	-63.917	
156.214	-63.3852	
156.827	-62.8562	
157.442	-62.3301	
158.059	-61.8068	
158.678	-61.2863	
159.3	-60.7687	
159.925	-60.2537	
160.551	-59.7416	
161.181	-59.2322	
161.812	-58.7255	
162.447	-58.2215	
163.083	-57.7202	
163.723	-57.2215	
164.364	-56.7256	
165.009	-56.2322	
165.656	-55.7415	
166.305	-55.2534	
166.957	-54.7679	
167.611	-54.285	
168.268	-53.8046	
168.928	-53.3268	
169.59	-52.8515	
170.255	-52.3787	
170.922	-51.9084	
171.592	-51.4406	
172.264	-50.9753	
172.94	-50.5125	
173.618	-50.052	
174.298	-49.594	
174.981	-49.1384	
175.667	-48.6853	
176.356	-48.2345	
177.047	-47.786	
177.741	-47.3399	
178.438	-46.8962	
179.137	-46.4548	
179.839	-46.0157	
180.544	-45.5789	
181.252	-45.1444	
181.962	-44.7122	
182.675	-44.2822	
183.391	-43.8545	
184.11	-43.429	
184.832	-43.0057	
185.556	-42.5846	
186.284	-42.1658	
187.014	-41.7491	
187.747	-41.3346	
188.483	-40.9222	
189.222	-40.512	
189.963	-40.1039	
190.708	-39.698	
191.455	-39.2941	
192.206	-38.8924	
192.959	-38.4927	
193.716	-38.0951	
194.475	-37.6995	
195.237	-37.3061	
196.002	-36.9146	
196.771	-36.5252	
197.542	-36.1378	
198.316	-35.7523	
199.094	-35.3689	
199.874	-34.9875	
200.657	-34.608	
201.444	-34.2305	
202.234	-33.8549	
203.026	-33.4813	
203.822	-33.1096	
204.621	-32.7398	
205.423	-32.3719	
206.228	-32.0059	
207.037	-31.6418	
207.848	-31.2795	
208.663	-30.9191	
209.481	-30.5606	
210.302	-30.2039	
211.126	-29.849	
211.954	-29.496	
212.784	-29.1447	
213.619	-28.7953	
214.456	-28.4477	
215.296	-28.1018	
216.14	-27.7577	
216.988	-27.4153	
217.838	-27.0748	
218.692	-26.7359	
219.549	-26.3988	
220.41	-26.0634	
221.274	-25.7297	
222.141	-25.3977	
223.012	-25.0674	
223.886	-24.7388	
224.763	-24.4119	
225.644	-24.0866	
226.529	-23.763	
227.417	-23.4411	
228.308	-23.1208	
229.203	-22.8021	
230.101	-22.485	
231.003	-22.1696	
231.909	-21.8557	
232.818	-21.5435	
233.73	-21.2328	
234.647	-20.9237	
235.566	-20.6162	
236.49	-20.3102	
237.417	-20.0058	
238.347	-19.703	
239.281	-19.4016	
240.219	-19.1018	
241.161	-18.8036	
242.106	-18.5068	
243.055	-18.2116	
244.008	-17.9178	
244.964	-17.6255	
245.925	-17.3347	
246.888	-17.0454	
247.856	-16.7575	
248.828	-16.4711	
249.803	-16.1862	
250.782	-15.9027	
251.765	-15.6206	
252.752	-15.3399	
253.743	-15.0607	
254.737	-14.7829	
255.736	-14.5065	
256.738	-14.2315	
257.745	-13.9578	
258.755	-13.6856	
259.769	-13.4147	
260.787	-13.1452	
261.809	-12.8771	
262.836	-12.6103	
263.866	-12.3448	
264.9	-12.0807	
265.939	-11.8179	
266.981	-11.5565	
268.027	-11.2964	
269.078	-11.0375	
270.133	-10.78	
271.192	-10.5238	
272.254	-10.2689	
273.322	-10.0153	
274.393	-9.7629	
275.469	-9.51181	
276.548	-9.26199	
277.632	-9.01343	
278.72	-8.76612	
279.813	-8.52006	
280.91	-8.27523	
282.011	-8.03164	
283.116	-7.78928	
284.226	-7.54814	
285.34	-7.30821	
286.458	-7.06949	
287.581	-6.83198	
288.709	-6.59566	
289.84	-6.36053	
290.976	-6.12658	
292.117	-5.89381	
293.262	-5.66222	
294.411	-5.43179	
295.565	-5.20252	
296.724	-4.97441	
297.887	-4.74744	
299.054	-4.52162	
300.227	-4.29693	
301.403	-4.07338	
302.585	-3.85095	
303.771	-3.62965	
304.962	-3.40946	
306.157	-3.19037	
307.357	-2.97239	
308.562	-2.75551	
309.771	-2.53972	
310.985	-2.32502	
312.204	-2.1114	
313.428	-1.89886	
314.657	-1.68739	
315.89	-1.47698	
317.128	-1.26763	
318.371	-1.05934	
319.619	-0.8521	
320.872	-0.645904	
322.13	-0.440748	
323.392	-0.236626	
324.66	-0.0335329	
325.933	0.168535	
327.21	0.369584	
328.493	0.569619	
329.78	0.768645	
331.073	0.966666	
332.371	1.16369	
333.673	1.35971	
334.981	1.55475	
336.294	1.7488	
337.612	1.94188	
338.936	2.13397	
340.264	2.3251	
341.598	2.51526	
342.937	2.70446	
344.281	2.89271	
345.631	3.08	
346.985	3.26634	
348.345	3.45174	
349.711	3.63621	
351.082	3.81974	
352.458	4.00234	
353.839	4.18402	
355.226	4.36477	
356.619	4.54462	
358.016	4.72355	
359.42	4.90157	
360.829	5.07869	
362.243	5.25492	
363.663	5.43024	
365.088	5.60469	
366.519	5.77824	
367.956	5.95092	
369.398	6.12271	
370.846	6.29364	
372.3	6.4637	
373.759	6.63289	
375.224	6.80122	
376.695	6.9687	
378.171	7.13532	
379.654	7.3011	
381.142	7.46603	
382.636	7.63013	
384.135	7.79338	
385.641	7.95581	
387.153	8.11741	
388.67	8.27818	
390.194	8.43814	
391.723	8.59727	
393.259	8.7556	
394.8	8.91312	
396.348	9.06983	
397.901	9.22574	
399.461	9.38086	
401.027	9.53518	
402.598	9.68871	
404.176	9.84146	
405.761	9.99342	
407.351	10.1446	
408.948	10.295	
410.551	10.4447	
412.16	10.5935	
413.776	10.7416	
415.397	10.889	
417.026	11.0356	
418.66	11.1814	
420.301	11.3265	
421.949	11.4708	
423.603	11.6144	
425.263	11.7573	
426.93	11.8994	
428.603	12.0408	
430.283	12.1815	
431.97	12.3214	
433.663	12.4606	
435.363	12.5991	
437.069	12.7369	
438.783	12.874	
440.502	13.0103	
442.229	13.146	
443.963	13.2809	
445.703	13.4152	
447.45	13.5487	
449.204	13.6816	
450.964	13.8138	
452.732	13.9453	
454.507	14.0761	
456.288	14.2062	
458.077	14.3356	
459.872	14.4644	
461.675	14.5925	
463.484	14.72	
465.301	14.8467	
467.125	14.9728	
468.956	15.0983	
470.794	15.2231	
472.639	15.3472	
474.492	15.4707	
476.352	15.5936	
478.219	15.7158	
480.093	15.8373	
481.975	15.9582	
483.864	16.0785	
485.761	16.1982	
487.665	16.3172	
489.576	16.4356	
491.495	16.5534	
493.422	16.6706	
495.356	16.7871	
497.298	16.903	
499.247	17.0184	
501.204	17.1331	
503.168	17.2472	
505.141	17.3607	
507.121	17.4735	
509.108	17.5858	
511.104	17.6975	
513.107	17.8087	
515.119	17.9192	
517.138	18.0291	
519.165	18.1384	
521.2	18.2472	
523.243	18.3554	
525.293	18.463	
527.352	18.57	
529.42	18.6765	
531.495	18.7824	
533.578	18.8877	
535.669	18.9925	
537.769	19.0967	
539.877	19.2003	
541.993	19.3034	
544.118	19.4059	
546.25	19.5079	
548.391	19.6093	
550.541	19.7102	
552.699	19.8106	
554.865	19.9104	
557.04	20.0096	
559.224	20.1083	
561.416	20.2065	
563.616	20.3042	
565.825	20.4013	
568.043	20.4979	
570.27	20.594	
572.505	20.6895	
574.749	20.7845	
577.002	20.8791	
579.264	20.9731	
581.534	21.0665	
583.814	21.1595	
586.102	21.252	
588.399	21.3439	
590.706	21.4354	
593.021	21.5263	
595.345	21.6168	
597.679	21.7067	
600.022	21.7962	
602.374	21.8851	
604.735	21.9736	
607.105	22.0616	
609.485	22.1491	
611.874	22.2361	
614.272	22.3226	
616.68	22.4087	
619.097	22.4943	
621.524	22.5794	
623.96	22.664	
626.406	22.7481	
628.861	22.8318	
631.326	22.915	
633.8	22.9978	
636.285	23.08	
638.779	23.1619	
641.283	23.2432	
643.796	23.3241	
646.32	23.4046	
648.853	23.4846	
651.396	23.5641	
653.95	23.6432	
656.513	23.7219	
659.086	23.8001	
661.67	23.8778	
664.263	23.9551	
666.867	24.032	
669.481	24.1084	
672.105	24.1844	
674.739	24.26	
677.384	24.3352	
680.039	24.4099	
682.705	24.4841	
685.381	24.558	
688.067	24.6314	
690.764	24.7044	
693.472	24.777	
696.19	24.8492	
698.919	24.9209	
701.659	24.9922	
704.409	25.0632	
707.17	25.1337	
709.942	25.2038	
712.724	25.2735	
715.518	25.3427	
718.323	25.4116	
721.138	25.4801	
723.965	25.5482	
726.803	25.6158	
729.652	25.6831	
732.512	25.75	
735.383	25.8165	
738.265	25.8826	
741.159	25.9483	
744.064	26.0136	
746.981	26.0785	
749.909	26.1431	
752.848	26.2072	
755.799	26.271	
758.761	26.3344	
761.735	26.3974	
764.721	26.46	
767.719	26.5223	
770.728	26.5842	
773.749	26.6457	
776.782	26.7068	
779.826	26.7676	
782.883	26.828	
785.952	26.8881	
789.033	26.9477	
792.125	27.007	
795.23	27.066	
798.347	27.1246	
801.476	27.1828	
804.618	27.2407	
807.772	27.2982	
810.938	27.3554	
814.117	27.4122	
817.308	27.4687	
820.511	27.5248	
823.727	27.5806	
826.956	27.636	
830.198	27.6911	
833.452	27.7458	
836.719	27.8002	
839.998	27.8542	
843.291	27.908	
846.596	27.9613	
849.915	28.0144	
853.246	28.0671	
856.591	28.1195	
859.948	28.1715	
863.319	28.2232	
866.703	28.2746	
870.1	28.3257	
873.51	28.3764	
876.934	28.4268	
880.372	28.4769	
883.822	28.5266	
887.287	28.5761	
890.765	28.6252	
894.256	28.674	
897.761	28.7225	
901.28	28.7707	
904.813	28.8185	
908.36	28.8661	
911.92	28.9133	
915.495	28.9603	
919.083	29.0069	
922.685	29.0532	
926.302	29.0992	
929.933	29.1449	
933.578	29.1903	
937.237	29.2354	
940.911	29.2802	
944.599	29.3247	
948.302	29.3689	
952.019	29.4128	
955.75	29.4564	
959.496	29.4997	
963.257	29.5428	
967.033	29.5855	
970.824	29.6279	
974.629	29.6701	
978.449	29.712	
982.284	29.7535	
986.135	29.7948	
990	29.8359	
993.88	29.8766	
997.776	29.917	
1001.69	29.9572	
1005.61	29.9971	
1009.56	30.0367	
1013.51	30.076	
1017.48	30.1151	
1021.47	30.1539	
1025.48	30.1924	
1029.5	30.2306	
1033.53	30.2686	
1037.58	30.3063	
1041.65	30.3437	
1045.73	30.3809	
1049.83	30.4178	
1053.95	30.4544	
1058.08	30.4908	
1062.23	30.5269	
1066.39	30.5627	
1070.57	30.5983	
1074.77	30.6336	
1078.98	30.6687	
1083.21	30.7035	
1087.45	30.738	
1091.72	30.7723	
1095.99	30.8063	
1100.29	30.8401	
1104.6	30.8737	
1108.93	30.9069	
1113.28	30.94	
1117.64	30.9728	
1122.02	31.0053	
1126.42	31.0376	
1130.84	31.0696	
1135.27	31.1014	
1139.72	31.133	
1144.19	31.1643	
1148.67	31.1954	
1153.17	31.2262	
1157.69	31.2568	
1162.23	31.2872	
1166.79	31.3173	
1171.36	31.3472	
1175.95	31.3768	
1180.56	31.4062	
1185.19	31.4354	
1189.84	31.4643	
1194.5	31.4931	
1199.18	31.5215	
1203.88	31.5498	
1208.6	31.5778	
1213.34	31.6056	
1218.09	31.6332	
1222.87	31.6605	
1227.66	31.6877	
1232.47	31.7146	
1237.3	31.7412	
1242.15	31.7677	
1247.02	31.7939	
1251.91	31.8199	
1256.82	31.8457	
1261.74	31.8713	
1266.69	31.8967	
1271.65	31.9218	
1276.64	31.9468	
1281.64	31.9715	
1286.67	31.996	
1291.71	32.0203	
1296.77	32.0443	
1301.86	32.0682	
1306.96	32.0919	
1312.08	32.1153	
1317.22	32.1386	
1322.39	32.1616	
1327.57	32.1844	
1332.78	32.207	
1338	32.2295	
1343.24	32.2517	
1348.51	32.2737	
1353.79	32.2955	
1359.1	32.3171	
1364.43	32.3385	
1369.78	32.3597	
1375.15	32.3807	
1380.54	32.4016	
1385.95	32.4222	
1391.38	32.4426	
1396.83	32.4628	
1402.31	32.4829	
1407.8	32.5027	
1413.32	32.5223	
1418.86	32.5418	
1424.42	32.5611	
1430.01	32.5801	
1435.61	32.599	
1441.24	32.6177	
1446.89	32.6362	
1452.56	32.6545	
1458.25	32.6727	
1463.97	32.6906	
1469.71	32.7084	
1475.47	32.726	
1481.25	32.7434	
1487.06	32.7606	
1492.89	32.7776	
1498.74	32.7945	
1504.61	32.8112	
1510.51	32.8277	
1516.43	32.844	
1522.38	32.8601	
1528.34	32.8761	
1534.33	32.8919	
1540.35	32.9075	
1546.39	32.9229	
1552.45	32.9382	
1558.53	32.9533	
1564.64	32.9682	
1570.77	32.983	
1576.93	32.9975	
1583.11	33.0119	
1589.32	33.0262	
1595.55	33.0403	
1601.8	33.0542	
1608.08	33.0679	
1614.38	33.0815	
1620.71	33.0949	
1627.06	33.1081	
1633.44	33.1212	
1639.84	33.1341	
1646.27	33.1468	
1652.72	33.1594	
1659.2	33.1718	
1665.71	33.1841	
1672.23	33.1962	
1678.79	33.2082	
1685.37	33.2199	
1691.98	33.2316	
1698.61	33.243	
1705.27	33.2543	
1711.95	33.2655	
1718.66	33.2765	
1725.4	33.2874	
1732.16	33.298	
1738.95	33.3086	
1745.77	33.319	
1752.61	33.3292	
1759.48	33.3393	
1766.37	33.3492	
1773.3	33.359	
1780.25	33.3686	
1787.23	33.3781	
1794.23	33.3875	
1801.26	33.3966	
1808.33	33.4057	
1815.41	33.4146	
1822.53	33.4233	
1829.67	33.4319	
1836.84	33.4404	
1844.04	33.4487	
1851.27	33.4569	
1858.53	33.4649	
1865.81	33.4728	
1873.13	33.4806	
1880.47	33.4882	
1887.84	33.4956	
1895.24	33.503	
1902.67	33.5102	
1910.13	33.5172	
1917.61	33.5241	
1925.13	33.5309	
1932.68	33.5375	
1940.25	33.544	
1947.86	33.5504	
1955.49	33.5566	
1963.16	33.5627	
1970.85	33.5687	
1978.58	33.5745	
1986.33	33.5802	
1994.12	33.5858	
2001.93	33.5913	
2009.78	33.5966	
2017.66	33.6017	
2025.57	33.6068	
2033.51	33.6117	
2041.48	33.6165	
2049.48	33.6212	
2057.51	33.6257	
2065.58	33.6301	
2073.67	33.6344	
2081.8	33.6386	
2089.96	33.6426	
2098.15	33.6465	
2106.38	33.6503	
2114.63	33.6539	
2122.92	33.6575	
2131.24	33.6609	
2139.6	33.6642	
2147.98	33.6674	
2156.4	33.6704	
2164.86	33.6733	
2173.34	33.6762	
2181.86	33.6789	
2190.41	33.6814	
2199	33.6839	
2207.62	33.6862	
2216.27	33.6884	
2224.96	33.6905	
2233.68	33.6925	
2242.44	33.6944	
2251.22	33.6962	
2260.05	33.6978	
2268.91	33.6993	
2277.8	33.7008	
2286.73	33.7021	
2295.69	33.7033	
2304.69	33.7043	
2313.72	33.7053	
2322.79	33.7062	
2331.9	33.7069	
2341.04	33.7075	
2350.21	33.7081	
2359.43	33.7085	
2368.67	33.7088	
2377.96	33.709	
2387.28	33.7091	
2396.64	33.7091	
2406.03	33.709	
2415.46	33.7087	
2424.93	33.7084	
2434.44	33.708	
2443.98	33.7074	
2453.56	33.7068	
2463.17	33.706	
2472.83	33.7052	
2482.52	33.7042	
2492.25	33.7031	
2502.02	33.702	
2511.83	33.7007	
2521.67	33.6993	
2531.56	33.6979	
2541.48	33.6963	
2551.44	33.6947	
2561.44	33.6929	
2571.48	33.691	
2581.56	33.6891	
2591.68	33.687	
2601.84	33.6848	
2612.04	33.6826	
2622.28	33.6802	
2632.56	33.6778	
2642.88	33.6752	
2653.23	33.6726	
2663.63	33.6699	
2674.07	33.667	
2684.56	33.6641	
2695.08	33.6611	
2705.64	33.658	
2716.25	33.6548	
2726.89	33.6515	
2737.58	33.6481	
2748.31	33.6446	
2759.09	33.6411	
2769.9	33.6374	
2780.76	33.6337	
2791.66	33.6298	
2802.6	33.6259	
2813.59	33.6219	
2824.61	33.6178	
2835.69	33.6136	
2846.8	33.6093	
2857.96	33.6049	
2869.16	33.6004	
2880.41	33.5959	
2891.7	33.5913	
2903.03	33.5865	
2914.41	33.5817	
2925.84	33.5769	
2937.3	33.5719	
2948.82	33.5668	
2960.38	33.5617	
2971.98	33.5565	
2983.63	33.5511	
2995.32	33.5458	
3007.06	33.5403	
3018.85	33.5347	
3030.68	33.5291	
3042.56	33.5234	
3054.49	33.5176	
3066.46	33.5117	
3078.48	33.5057	
3090.55	33.4997	
3102.66	33.4936	
3114.82	33.4874	
3127.03	33.4811	
3139.29	33.4747	
3151.59	33.4683	
3163.95	33.4618	
3176.35	33.4552	
3188.8	33.4485	
3201.3	33.4418	
3213.85	33.435	
3226.44	33.4281	
3239.09	33.4211	
3251.79	33.4141	
3264.53	33.4069	
3277.33	33.3997	
3290.17	33.3925	
3303.07	33.3851	
3316.02	33.3777	
3329.02	33.3702	
3342.06	33.3627	
3355.16	33.355	
3368.32	33.3473	
3381.52	33.3395	
3394.77	33.3317	
3408.08	33.3238	
3421.44	33.3158	
3434.85	33.3077	
3448.31	33.2996	
3461.83	33.2914	
3475.4	33.2831	
3489.02	33.2748	
3502.7	33.2663	
3516.43	33.2579	
3530.21	33.2493	
3544.05	33.2407	
3557.94	33.232	
3571.88	33.2233	
3585.88	33.2145	
3599.94	33.2056	
3614.05	33.1966	
3628.22	33.1876	
3642.44	33.1785	
3656.72	33.1694	
3671.05	33.1602	
3685.44	33.1509	
3699.88	33.1416	
3714.39	33.1322	
3728.95	33.1227	
3743.56	33.1132	
3758.23	33.1036	
3772.97	33.0939	
3787.75	33.0842	
3802.6	33.0744	
3817.51	33.0646	
3832.47	33.0547	
3847.49	33.0447	
3862.57	33.0347	
3877.71	33.0246	
3892.91	33.0145	
3908.17	33.0042	
3923.49	32.994	
3938.87	32.9836	
3954.31	32.9733	
3969.81	32.9628	
3985.37	32.9523	
4000.99	32.9418	
4016.67	32.9311	
4032.42	32.9205	
4048.22	32.9097	
4064.09	32.8989	
4080.02	32.8881	
4096.01	32.8772	
4112.07	32.8662	
4128.19	32.8552	
4144.37	32.8441	
4160.61	32.833	
4176.92	32.8218	
4193.29	32.8106	
4209.73	32.7993	
4226.23	32.7879	
4242.79	32.7765	
4259.42	32.765	
4276.12	32.7535	
4292.88	32.742	
4309.71	32.7304	
4326.6	32.7187	
4343.56	32.707	
4360.59	32.6952	
4377.68	32.6834	
4394.84	32.6715	
4412.06	32.6595	
4429.36	32.6476	
4446.72	32.6355	
4464.15	32.6234	
4481.65	32.6113	
4499.21	32.5991	
4516.85	32.5869	
4534.55	32.5746	
4552.33	32.5623	
4570.17	32.5499	
4588.08	32.5374	
4606.07	32.525	
4624.12	32.5124	
4642.25	32.4999	
4660.44	32.4872	
4678.71	32.4745	
4697.05	32.4618	
4715.46	32.4491	
4733.94	32.4362	
