145.05	-161.878	
145.619	-160.776	
146.189	-159.682	
146.762	-158.594	
147.338	-157.513	
147.915	-156.439	
148.495	-155.371	
149.077	-154.31	
149.661	-153.256	
150.248	-152.208	
150.837	-151.167	
151.428	-150.132	
152.022	-149.103	
152.618	-148.081	
153.216	-147.065	
153.816	-146.056	
154.419	-145.052	
155.024	-144.055	
155.632	-143.063	
156.242	-142.078	
156.855	-141.099	
157.469	-140.125	
158.087	-139.158	
158.706	-138.196	
159.328	-137.241	
159.953	-136.291	
160.58	-135.346	
161.209	-134.408	
161.841	-133.475	
162.475	-132.547	
163.112	-131.626	
163.752	-130.709	
164.394	-129.799	
165.038	-128.893	
165.685	-127.993	
166.334	-127.099	
166.986	-126.209	
167.641	-125.325	
168.298	-124.447	
168.958	-123.573	
169.62	-122.705	
170.285	-121.841	
170.952	-120.983	
171.622	-120.13	
172.295	-119.282	
172.97	-118.439	
173.648	-117.601	
174.329	-116.768	
175.012	-115.939	
175.698	-115.116	
176.387	-114.297	
177.078	-113.483	
177.772	-112.674	
178.469	-111.869	
179.169	-111.069	
179.871	-110.274	
180.576	-109.484	
181.284	-108.698	
181.994	-107.916	
182.708	-107.139	
183.424	-106.367	
184.143	-105.599	
184.865	-104.835	
185.589	-104.076	
186.317	-103.321	
187.047	-102.57	
187.78	-101.824	
188.516	-101.082	
189.255	-100.344	
189.997	-99.6108	
190.742	-98.8814	
191.489	-98.1562	
192.24	-97.4351	
192.993	-96.7181	
193.75	-96.0052	
194.509	-95.2962	
195.272	-94.5913	
196.037	-93.8904	
196.806	-93.1935	
197.577	-92.5005	
198.351	-91.8113	
199.129	-91.1261	
199.909	-90.4447	
200.693	-89.7671	
201.48	-89.0933	
202.269	-88.4233	
203.062	-87.7571	
203.858	-87.0946	
204.657	-86.4358	
205.459	-85.7806	
206.265	-85.1291	
207.073	-84.4812	
207.885	-83.837	
208.7	-83.1963	
209.518	-82.5591	
210.339	-81.9255	
211.164	-81.2954	
211.991	-80.6688	
212.822	-80.0457	
213.656	-79.426	
214.494	-78.8097	
215.335	-78.1968	
216.179	-77.5873	
217.026	-76.9811	
217.877	-76.3783	
218.731	-75.7788	
219.588	-75.1825	
220.449	-74.5896	
221.313	-73.9998	
222.18	-73.4133	
223.051	-72.8301	
223.925	-72.2499	
224.803	-71.673	
225.684	-71.0992	
226.569	-70.5285	
227.457	-69.9609	
228.349	-69.3965	
229.244	-68.835	
230.142	-68.2767	
231.044	-67.7213	
231.95	-67.169	
232.859	-66.6196	
233.772	-66.0732	
234.688	-65.5298	
235.608	-64.9893	
236.531	-64.4517	
237.459	-63.917	
238.389	-63.3852	
239.324	-62.8562	
240.262	-62.3301	
241.204	-61.8068	
242.149	-61.2863	
243.098	-60.7687	
244.051	-60.2537	
245.008	-59.7416	
245.968	-59.2322	
246.932	-58.7255	
247.9	-58.2215	
248.872	-57.7202	
249.847	-57.2215	
250.827	-56.7256	
251.81	-56.2322	
252.797	-55.7415	
253.788	-55.2534	
254.782	-54.7679	
255.781	-54.285	
256.784	-53.8046	
257.79	-53.3268	
258.801	-52.8515	
259.815	-52.3787	
260.833	-51.9084	
261.856	-51.4406	
262.882	-50.9753	
263.913	-50.5125	
264.947	-50.052	
265.986	-49.594	
267.028	-49.1384	
268.075	-48.6853	
269.126	-48.2345	
270.18	-47.786	
271.239	-47.3399	
272.303	-46.8962	
273.37	-46.4548	
274.442	-46.0157	
275.517	-45.5789	
276.597	-45.1444	
277.681	-44.7122	
278.77	-44.2822	
279.862	-43.8545	
280.959	-43.429	
282.061	-43.0057	
283.166	-42.5846	
284.276	-42.1658	
285.391	-41.7491	
286.509	-41.3346	
287.632	-40.9222	
288.76	-40.512	
289.891	-40.1039	
291.028	-39.698	
292.168	-39.2941	
293.314	-38.8924	
294.463	-38.4927	
295.618	-38.0951	
296.776	-37.6995	
297.94	-37.3061	
299.107	-36.9146	
300.28	-36.5252	
301.457	-36.1378	
302.638	-35.7523	
303.825	-35.3689	
305.016	-34.9875	
306.211	-34.608	
307.411	-34.2305	
308.616	-33.8549	
309.826	-33.4813	
311.04	-33.1096	
312.26	-32.7398	
313.484	-32.3719	
314.712	-32.0059	
315.946	-31.6418	
317.184	-31.2795	
318.428	-30.9191	
319.676	-30.5606	
320.929	-30.2039	
322.187	-29.849	
323.45	-29.496	
324.717	-29.1447	
325.99	-28.7953	
327.268	-28.4477	
328.551	-28.1018	
329.839	-27.7577	
331.131	-27.4153	
332.429	-27.0748	
333.732	-26.7359	
335.041	-26.3988	
336.354	-26.0634	
337.672	-25.7297	
338.996	-25.3977	
340.324	-25.0674	
341.658	-24.7388	
342.998	-24.4119	
344.342	-24.0866	
345.692	-23.763	
347.047	-23.4411	
348.407	-23.1208	
349.773	-22.8021	
351.144	-22.485	
352.52	-22.1696	
353.902	-21.8557	
355.289	-21.5435	
356.682	-21.2328	
358.08	-20.9237	
359.483	-20.6162	
360.892	-20.3102	
362.307	-20.0058	
363.727	-19.703	
365.153	-19.4016	
366.584	-19.1018	
368.021	-18.8036	
369.464	-18.5068	
370.912	-18.2116	
372.366	-17.9178	
373.825	-17.6255	
375.29	-17.3347	
376.761	-17.0454	
378.238	-16.7575	
379.721	-16.4711	
381.209	-16.1862	
382.703	-15.9027	
384.203	-15.6206	
385.709	-15.3399	
387.221	-15.0607	
388.739	-14.7829	
390.263	-14.5065	
391.792	-14.2315	
393.328	-13.9578	
394.87	-13.6856	
396.418	-13.4147	
397.972	-13.1452	
399.531	-12.8771	
401.097	-12.6103	
402.67	-12.3448	
404.248	-12.0807	
405.833	-11.8179	
407.423	-11.5565	
409.02	-11.2964	
410.623	-11.0375	
412.233	-10.78	
413.849	-10.5238	
415.471	-10.2689	
417.099	-10.0153	
418.734	-9.7629	
420.376	-9.51181	
422.023	-9.26199	
423.678	-9.01343	
425.338	-8.76612	
427.005	-8.52006	
428.679	-8.27523	
430.36	-8.03164	
432.046	-7.78928	
433.74	-7.54814	
435.44	-7.30821	
437.147	-7.06949	
438.86	-6.83198	
440.58	-6.59566	
442.307	-6.36053	
444.041	-6.12658	
445.782	-5.89381	
447.529	-5.66222	
449.283	-5.43179	
451.044	-5.20252	
452.812	-4.97441	
454.587	-4.74744	
456.369	-4.52162	
458.158	-4.29693	
459.953	-4.07338	
461.756	-3.85095	
463.566	-3.62965	
465.383	-3.40946	
467.207	-3.19037	
469.039	-2.97239	
470.877	-2.75551	
472.723	-2.53972	
474.576	-2.32502	
476.436	-2.1114	
478.304	-1.89886	
480.178	-1.68739	
482.06	-1.47698	
483.95	-1.26763	
485.847	-1.05934	
487.751	-0.8521	
489.663	-0.645904	
491.582	-0.440748	
493.509	-0.236626	
495.444	-0.0335329	
497.386	0.168535	
499.335	0.369584	
501.293	0.569619	
503.257	0.768645	
505.23	0.966666	
507.21	1.16369	
509.198	1.35971	
511.194	1.55475	
513.198	1.7488	
515.21	1.94188	
517.229	2.13397	
519.257	2.3251	
521.292	2.51526	
523.335	2.70446	
525.386	2.89271	
527.446	3.08	
529.513	3.26634	
531.589	3.45174	
533.672	3.63621	
535.764	3.81974	
537.864	4.00234	
539.973	4.18402	
542.089	4.36477	
544.214	4.54462	
546.347	4.72355	
548.489	4.90157	
550.638	5.07869	
552.797	5.25492	
554.964	5.43024	
557.139	5.60469	
559.323	5.77824	
561.515	5.95092	
563.716	6.12271	
565.926	6.29364	
568.144	6.4637	
570.371	6.63289	
572.606	6.80122	
574.851	6.9687	
577.104	7.13532	
579.366	7.3011	
581.637	7.46603	
583.917	7.63013	
586.206	7.79338	
588.503	7.95581	
590.81	8.11741	
593.126	8.27818	
595.451	8.43814	
597.785	8.59727	
600.128	8.7556	
602.48	8.91312	
604.842	9.06983	
607.213	9.22574	
609.593	9.38086	
611.982	9.53518	
614.381	9.68871	
616.789	9.84146	
619.207	9.99342	
621.634	10.1446	
624.07	10.295	
626.517	10.4447	
628.972	10.5935	
631.438	10.7416	
633.913	10.889	
636.397	11.0356	
638.892	11.1814	
641.396	11.3265	
643.91	11.4708	
646.434	11.6144	
648.968	11.7573	
651.512	11.8994	
654.065	12.0408	
656.629	12.1815	
659.203	12.3214	
661.787	12.4606	
664.381	12.5991	
666.985	12.7369	
669.599	12.874	
672.224	13.0103	
674.859	13.146	
677.504	13.2809	
680.16	13.4152	
682.826	13.5487	
685.502	13.6816	
688.189	13.8138	
690.887	13.9453	
693.595	14.0761	
696.313	14.2062	
699.043	14.3356	
701.783	14.4644	
704.533	14.5925	
707.295	14.72	
710.067	14.8467	
712.851	14.9728	
715.645	15.0983	
718.45	15.2231	
721.266	15.3472	
724.093	15.4707	
726.931	15.5936	
729.781	15.7158	
732.641	15.8373	
735.513	15.9582	
738.396	16.0785	
741.29	16.1982	
744.196	16.3172	
747.113	16.4356	
750.041	16.5534	
752.981	16.6706	
755.933	16.7871	
758.896	16.903	
761.87	17.0184	
764.857	17.1331	
767.855	17.2472	
770.864	17.3607	
773.886	17.4735	
776.919	17.5858	
779.964	17.6975	
783.022	17.8087	
786.091	17.9192	
789.172	18.0291	
792.265	18.1384	
795.371	18.2472	
798.488	18.3554	
801.618	18.463	
804.76	18.57	
807.915	18.6765	
811.082	18.7824	
814.261	18.8877	
817.452	18.9925	
820.657	19.0967	
823.873	19.2003	
827.103	19.3034	
830.345	19.4059	
833.599	19.5079	
836.867	19.6093	
840.147	19.7102	
843.44	19.8106	
846.746	19.9104	
850.065	20.0096	
853.397	20.1083	
856.742	20.2065	
860.1	20.3042	
863.472	20.4013	
866.856	20.4979	
870.254	20.594	
873.665	20.6895	
877.09	20.7845	
880.527	20.8791	
883.979	20.9731	
887.444	21.0665	
890.922	21.1595	
894.414	21.252	
897.92	21.3439	
901.44	21.4354	
904.973	21.5263	
908.52	21.6168	
912.081	21.7067	
915.657	21.7962	
919.246	21.8851	
922.849	21.9736	
926.466	22.0616	
930.098	22.1491	
933.743	22.2361	
937.403	22.3226	
941.078	22.4087	
944.766	22.4943	
948.469	22.5794	
952.187	22.664	
955.919	22.7481	
959.666	22.8318	
963.428	22.915	
967.204	22.9978	
970.995	23.08	
974.801	23.1619	
978.622	23.2432	
982.458	23.3241	
986.309	23.4046	
990.175	23.4846	
994.056	23.5641	
997.953	23.6432	
1001.86	23.7219	
1005.79	23.8001	
1009.73	23.8778	
1013.69	23.9551	
1017.66	24.032	
1021.65	24.1084	
1025.66	24.1844	
1029.68	24.26	
1033.71	24.3352	
1037.77	24.4099	
1041.83	24.4841	
1045.92	24.558	
1050.02	24.6314	
1054.13	24.7044	
1058.27	24.777	
1062.41	24.8492	
1066.58	24.9209	
1070.76	24.9922	
1074.96	25.0632	
1079.17	25.1337	
1083.4	25.2038	
1087.65	25.2735	
1091.91	25.3427	
1096.19	25.4116	
1100.49	25.4801	
1104.8	25.5482	
1109.13	25.6158	
1113.48	25.6831	
1117.84	25.75	
1122.22	25.8165	
1126.62	25.8826	
1131.04	25.9483	
1135.47	26.0136	
1139.92	26.0785	
1144.39	26.1431	
1148.88	26.2072	
1153.38	26.271	
1157.9	26.3344	
1162.44	26.3974	
1166.99	26.46	
1171.57	26.5223	
1176.16	26.5842	
1180.77	26.6457	
1185.4	26.7068	
1190.05	26.7676	
1194.71	26.828	
1199.39	26.8881	
1204.09	26.9477	
1208.81	27.007	
1213.55	27.066	
1218.31	27.1246	
1223.08	27.1828	
1227.88	27.2407	
1232.69	27.2982	
1237.52	27.3554	
1242.37	27.4122	
1247.24	27.4687	
1252.13	27.5248	
1257.04	27.5806	
1261.97	27.636	
1266.91	27.6911	
1271.88	27.7458	
1276.87	27.8002	
1281.87	27.8542	
1286.89	27.908	
1291.94	27.9613	
1297	28.0144	
1302.09	28.0671	
1307.19	28.1195	
1312.31	28.1715	
1317.46	28.2232	
1322.62	28.2746	
1327.81	28.3257	
1333.01	28.3764	
1338.24	28.4268	
1343.48	28.4769	
1348.75	28.5266	
1354.03	28.5761	
1359.34	28.6252	
1364.67	28.674	
1370.02	28.7225	
1375.39	28.7707	
1380.78	28.8185	
1386.19	28.8661	
1391.63	28.9133	
1397.08	28.9603	
1402.56	29.0069	
1408.05	29.0532	
1413.57	29.0992	
1419.11	29.1449	
1424.68	29.1903	
1430.26	29.2354	
1435.87	29.2802	
1441.49	29.3247	
1447.15	29.3689	
1452.82	29.4128	
1458.51	29.4564	
1464.23	29.4997	
1469.97	29.5428	
1475.73	29.5855	
1481.51	29.6279	
1487.32	29.6701	
1493.15	29.712	
1499	29.7535	
1504.88	29.7948	
1510.78	29.8359	
1516.7	29.8766	
1522.65	29.917	
1528.61	29.9572	
1534.61	29.9971	
1540.62	30.0367	
1546.66	30.076	
1552.72	30.1151	
1558.81	30.1539	
1564.92	30.1924	
1571.05	30.2306	
1577.21	30.2686	
1583.39	30.3063	
1589.6	30.3437	
1595.83	30.3809	
1602.08	30.4178	
1608.36	30.4544	
1614.67	30.4908	
1621	30.5269	
1627.35	30.5627	
1633.73	30.5983	
1640.13	30.6336	
1646.56	30.6687	
1653.02	30.7035	
1659.5	30.738	
1666	30.7723	
1672.53	30.8063	
1679.09	30.8401	
1685.67	30.8737	
1692.27	30.9069	
1698.91	30.94	
1705.57	30.9728	
1712.25	31.0053	
1718.96	31.0376	
1725.7	31.0696	
1732.47	31.1014	
1739.26	31.133	
1746.07	31.1643	
1752.92	31.1954	
1759.79	31.2262	
1766.69	31.2568	
1773.61	31.2872	
1780.56	31.3173	
1787.54	31.3472	
1794.55	31.3768	
1801.58	31.4062	
1808.65	31.4354	
1815.73	31.4643	
1822.85	31.4931	
1830	31.5215	
1837.17	31.5498	
1844.37	31.5778	
1851.6	31.6056	
1858.86	31.6332	
1866.14	31.6605	
1873.46	31.6877	
1880.8	31.7146	
1888.17	31.7412	
1895.58	31.7677	
1903.01	31.7939	
1910.46	31.8199	
1917.95	31.8457	
1925.47	31.8713	
1933.02	31.8967	
1940.59	31.9218	
1948.2	31.9468	
1955.84	31.9715	
1963.5	31.996	
1971.2	32.0203	
1978.93	32.0443	
1986.68	32.0682	
1994.47	32.0919	
2002.29	32.1153	
2010.14	32.1386	
2018.02	32.1616	
2025.93	32.1844	
2033.87	32.207	
2041.84	32.2295	
2049.84	32.2517	
2057.88	32.2737	
2065.94	32.2955	
2074.04	32.3171	
2082.17	32.3385	
2090.33	32.3597	
2098.53	32.3807	
2106.75	32.4016	
2115.01	32.4222	
2123.3	32.4426	
2131.62	32.4628	
2139.98	32.4829	
2148.36	32.5027	
2156.79	32.5223	
2165.24	32.5418	
2173.73	32.5611	
2182.25	32.5801	
2190.8	32.599	
2199.39	32.6177	
2208.01	32.6362	
2216.66	32.6545	
2225.35	32.6727	
2234.08	32.6906	
2242.83	32.7084	
2251.62	32.726	
2260.45	32.7434	
2269.31	32.7606	
2278.2	32.7776	
2287.13	32.7945	
2296.1	32.8112	
2305.1	32.8277	
2314.13	32.844	
2323.2	32.8601	
2332.31	32.8761	
2341.45	32.8919	
2350.63	32.9075	
2359.84	32.9229	
2369.09	32.9382	
2378.38	32.9533	
2387.7	32.9682	
2397.06	32.983	
2406.46	32.9975	
2415.89	33.0119	
2425.36	33.0262	
2434.87	33.0403	
2444.41	33.0542	
2453.99	33.0679	
2463.61	33.0815	
2473.27	33.0949	
2482.96	33.1081	
2492.69	33.1212	
2502.46	33.1341	
2512.27	33.1468	
2522.12	33.1594	
2532.01	33.1718	
2541.93	33.1841	
2551.89	33.1962	
2561.9	33.2082	
2571.94	33.2199	
2582.02	33.2316	
2592.14	33.243	
2602.3	33.2543	
2612.5	33.2655	
2622.74	33.2765	
2633.02	33.2874	
2643.34	33.298	
2653.7	33.3086	
2664.11	33.319	
2674.55	33.3292	
2685.03	33.3393	
2695.56	33.3492	
2706.12	33.359	
2716.73	33.3686	
2727.38	33.3781	
2738.07	33.3875	
2748.8	33.3966	
2759.57	33.4057	
2770.39	33.4146	
2781.25	33.4233	
2792.15	33.4319	
2803.1	33.4404	
2814.08	33.4487	
2825.11	33.4569	
2836.19	33.4649	
2847.3	33.4728	
2858.46	33.4806	
2869.67	33.4882	
2880.92	33.4956	
2892.21	33.503	
2903.55	33.5102	
2914.93	33.5172	
2926.35	33.5241	
2937.82	33.5309	
2949.34	33.5375	
2960.9	33.544	
2972.5	33.5504	
2984.16	33.5566	
2995.85	33.5627	
3007.6	33.5687	
3019.38	33.5745	
3031.22	33.5802	
3043.1	33.5858	
3055.03	33.5913	
3067	33.5966	
3079.03	33.6017	
3091.09	33.6068	
3103.21	33.6117	
3115.37	33.6165	
3127.59	33.6212	
3139.84	33.6257	
3152.15	33.6301	
3164.51	33.6344	
3176.91	33.6386	
3189.36	33.6426	
3201.86	33.6465	
3214.42	33.6503	
3227.01	33.6539	
3239.66	33.6575	
3252.36	33.6609	
3265.11	33.6642	
3277.91	33.6674	
3290.76	33.6704	
3303.66	33.6733	
3316.6	33.6762	
3329.6	33.6789	
3342.66	33.6814	
3355.76	33.6839	
3368.91	33.6862	
3382.12	33.6884	
3395.37	33.6905	
3408.68	33.6925	
3422.04	33.6944	
3435.46	33.6962	
3448.92	33.6978	
3462.44	33.6993	
3476.01	33.7008	
3489.64	33.7021	
3503.32	33.7033	
3517.05	33.7043	
3530.83	33.7053	
3544.67	33.7062	
3558.57	33.7069	
3572.52	33.7075	
3586.52	33.7081	
3600.58	33.7085	
3614.69	33.7088	
3628.86	33.709	
3643.08	33.7091	
3657.36	33.7091	
3671.7	33.709	
3686.09	33.7087	
3700.54	33.7084	
3715.04	33.708	
3729.6	33.7074	
3744.22	33.7068	
3758.9	33.706	
3773.63	33.7052	
3788.43	33.7042	
3803.27	33.7031	
3818.18	33.702	
3833.15	33.7007	
3848.17	33.6993	
3863.26	33.6979	
3878.4	33.6963	
3893.6	33.6947	
3908.86	33.6929	
3924.18	33.691	
3939.57	33.6891	
3955.01	33.687	
3970.51	33.6848	
3986.07	33.6826	
4001.7	33.6802	
4017.38	33.6778	
4033.13	33.6752	
4048.94	33.6726	
4064.81	33.6699	
4080.74	33.667	
4096.74	33.6641	
4112.8	33.6611	
4128.92	33.658	
4145.1	33.6548	
4161.35	33.6515	
4177.66	33.6481	
4194.03	33.6446	
4210.47	33.6411	
4226.98	33.6374	
4243.55	33.6337	
4260.18	33.6298	
4276.88	33.6259	
4293.64	33.6219	
4310.47	33.6178	
4327.37	33.6136	
4344.33	33.6093	
4361.36	33.6049	
4378.45	33.6004	
4395.61	33.5959	
4412.84	33.5913	
4430.14	33.5865	
4447.51	33.5817	
4464.94	33.5769	
4482.44	33.5719	
4500.01	33.5668	
4517.65	33.5617	
4535.36	33.5565	
4553.13	33.5511	
4570.98	33.5458	
4588.9	33.5403	
4606.88	33.5347	
4624.94	33.5291	
4643.07	33.5234	
4661.27	33.5176	
4679.54	33.5117	
4697.88	33.5057	
4716.3	33.4997	
4734.78	33.4936	
4753.34	33.4874	
4771.97	33.4811	
4790.68	33.4747	
4809.46	33.4683	
4828.31	33.4618	
4847.23	33.4552	
4866.23	33.4485	
4885.31	33.4418	
4904.45	33.435	
4923.68	33.4281	
4942.98	33.4211	
4962.35	33.4141	
4981.8	33.4069	
5001.33	33.3997	
5020.93	33.3925	
5040.61	33.3851	
5060.37	33.3777	
5080.21	33.3702	
5100.12	33.3627	
5120.11	33.355	
5140.18	33.3473	
5160.33	33.3395	
5180.56	33.3317	
5200.86	33.3238	
5221.25	33.3158	
5241.71	33.3077	
5262.26	33.2996	
5282.89	33.2914	
5303.59	33.2831	
5324.38	33.2748	
5345.25	33.2663	
5366.2	33.2579	
5387.24	33.2493	
5408.35	33.2407	
5429.55	33.232	
5450.83	33.2233	
5472.2	33.2145	
5493.65	33.2056	
5515.18	33.1966	
5536.8	33.1876	
5558.5	33.1785	
5580.29	33.1694	
5602.16	33.1602	
5624.12	33.1509	
5646.17	33.1416	
5668.3	33.1322	
5690.52	33.1227	
5712.82	33.1132	
5735.21	33.1036	
5757.69	33.0939	
5780.26	33.0842	
5802.92	33.0744	
5825.66	33.0646	
5848.5	33.0547	
5871.42	33.0447	
5894.44	33.0347	
5917.54	33.0246	
5940.74	33.0145	
5964.02	33.0042	
5987.4	32.994	
6010.87	32.9836	
6034.43	32.9733	
6058.08	32.9628	
6081.83	32.9523	
6105.67	32.9418	
6129.6	32.9311	
6153.62	32.9205	
6177.74	32.9097	
6201.96	32.8989	
6226.27	32.8881	
6250.67	32.8772	
6275.18	32.8662	
6299.77	32.8552	
6324.46	32.8441	
6349.25	32.833	
6374.14	32.8218	
6399.13	32.8106	
6424.21	32.7993	
6449.39	32.7879	
6474.67	32.7765	
6500.05	32.765	
6525.53	32.7535	
6551.1	32.742	
6576.78	32.7304	
6602.56	32.7187	
6628.44	32.707	
6654.42	32.6952	
6680.51	32.6834	
6706.69	32.6715	
6732.98	32.6595	
6759.37	32.6476	
6785.87	32.6355	
6812.46	32.6234	
6839.17	32.6113	
6865.97	32.5991	
6892.89	32.5869	
6919.9	32.5746	
6947.03	32.5623	
6974.26	32.5499	
7001.6	32.5374	
7029.04	32.525	
7056.59	32.5124	
7084.25	32.4999	
7112.02	32.4872	
7139.9	32.4745	
7167.88	32.4618	
7195.98	32.4491	
7224.18	32.4362	
