95.05	-111.116	
95.4226	-110.36	
95.7966	-109.609	
96.1721	-108.862	
96.549	-108.12	
96.9275	-107.383	
97.3074	-106.65	
97.6888	-105.922	
98.0717	-105.198	
98.4562	-104.479	
98.8421	-103.764	
99.2295	-103.054	
99.6184	-102.348	
100.009	-101.646	
100.401	-100.949	
100.794	-100.256	
101.19	-99.5669	
101.586	-98.8823	
101.984	-98.2018	
102.384	-97.5255	
102.785	-96.8533	
103.188	-96.1851	
103.593	-95.521	
103.999	-94.861	
104.406	-94.2049	
104.816	-93.5528	
105.227	-92.9047	
105.639	-92.2604	
106.053	-91.62	
106.469	-90.9834	
106.886	-90.3507	
107.305	-89.7218	
107.726	-89.0966	
108.148	-88.4751	
108.572	-87.8574	
108.997	-87.2433	
109.425	-86.6329	
109.854	-86.0261	
110.284	-85.4229	
110.716	-84.8233	
111.15	-84.2272	
111.586	-83.6347	
112.023	-83.0456	
112.463	-82.46	
112.903	-81.8779	
113.346	-81.2991	
113.79	-80.7238	
114.236	-80.1518	
114.684	-79.5832	
115.133	-79.0179	
115.585	-78.456	
116.038	-77.8972	
116.493	-77.3418	
116.949	-76.7895	
117.408	-76.2405	
117.868	-75.6947	
118.33	-75.152	
118.794	-74.6125	
119.259	-74.076	
119.727	-73.5427	
120.196	-73.0125	
120.667	-72.4853	
121.14	-71.9611	
121.615	-71.4399	
122.092	-70.9218	
122.57	-70.4066	
123.051	-69.8943	
123.533	-69.385	
124.017	-68.8786	
124.503	-68.3751	
124.991	-67.8744	
125.481	-67.3766	
125.973	-66.8816	
126.467	-66.3894	
126.963	-65.9001	
127.46	-65.4134	
127.96	-64.9296	
128.461	-64.4485	
128.965	-63.9701	
129.47	-63.4944	
129.978	-63.0213	
130.487	-62.551	
130.999	-62.0832	
131.512	-61.6181	
132.028	-61.1556	
132.545	-60.6957	
133.065	-60.2384	
133.586	-59.7836	
134.11	-59.3314	
134.636	-58.8817	
135.163	-58.4345	
135.693	-57.9898	
136.225	-57.5475	
136.759	-57.1078	
137.295	-56.6704	
137.833	-56.2355	
138.374	-55.803	
138.916	-55.3729	
139.46	-54.9451	
140.007	-54.5197	
140.556	-54.0967	
141.107	-53.676	
141.66	-53.2576	
142.215	-52.8415	
142.773	-52.4277	
143.332	-52.0162	
143.894	-51.607	
144.458	-51.1999	
145.024	-50.7951	
145.593	-50.3925	
146.163	-49.9922	
146.736	-49.594	
147.312	-49.1979	
147.889	-48.8041	
148.469	-48.4123	
149.051	-48.0227	
149.635	-47.6353	
150.221	-47.2499	
150.81	-46.8666	
151.401	-46.4854	
151.995	-46.1063	
152.59	-45.7292	
153.189	-45.3541	
153.789	-44.9811	
154.392	-44.6101	
154.997	-44.2411	
155.605	-43.874	
156.214	-43.509	
156.827	-43.1459	
157.442	-42.7848	
158.059	-42.4256	
158.678	-42.0683	
159.3	-41.7129	
159.925	-41.3595	
160.551	-41.0079	
161.181	-40.6583	
161.812	-40.3105	
162.447	-39.9645	
163.083	-39.6204	
163.723	-39.2781	
164.364	-38.9377	
165.009	-38.599	
165.656	-38.2622	
166.305	-37.9272	
166.957	-37.5939	
167.611	-37.2624	
168.268	-36.9327	
168.928	-36.6047	
169.59	-36.2784	
170.255	-35.9539	
170.922	-35.6311	
171.592	-35.31	
172.264	-34.9906	
172.94	-34.6729	
173.618	-34.3568	
174.298	-34.0424	
174.981	-33.7297	
175.667	-33.4186	
176.356	-33.1092	
177.047	-32.8014	
177.741	-32.4952	
178.438	-32.1906	
179.137	-31.8876	
179.839	-31.5862	
180.544	-31.2864	
181.252	-30.9881	
181.962	-30.6914	
182.675	-30.3963	
183.391	-30.1027	
184.11	-29.8106	
184.832	-29.5201	
185.556	-29.231	
186.284	-28.9435	
187.014	-28.6575	
187.747	-28.373	
188.483	-28.0899	
189.222	-27.8083	
189.963	-27.5282	
190.708	-27.2496	
191.455	-26.9723	
192.206	-26.6966	
192.959	-26.4222	
193.716	-26.1493	
194.475	-25.8778	
195.237	-25.6077	
196.002	-25.339	
196.771	-25.0717	
197.542	-24.8058	
198.316	-24.5412	
199.094	-24.278	
199.874	-24.0162	
200.657	-23.7557	
201.444	-23.4966	
202.234	-23.2388	
203.026	-22.9823	
203.822	-22.7271	
204.621	-22.4733	
205.423	-22.2208	
206.228	-21.9695	
207.037	-21.7196	
207.848	-21.471	
208.663	-21.2236	
209.481	-20.9775	
210.302	-20.7326	
211.126	-20.489	
211.954	-20.2467	
212.784	-20.0056	
213.619	-19.7657	
214.456	-19.5271	
215.296	-19.2897	
216.14	-19.0535	
216.988	-18.8185	
217.838	-18.5847	
218.692	-18.3521	
219.549	-18.1207	
220.41	-17.8905	
221.274	-17.6614	
222.141	-17.4336	
223.012	-17.2068	
223.886	-16.9813	
224.763	-16.7569	
225.644	-16.5336	
226.529	-16.3115	
227.417	-16.0905	
228.308	-15.8706	
229.203	-15.6519	
230.101	-15.4342	
231.003	-15.2177	
231.909	-15.0022	
232.818	-14.7879	
233.73	-14.5747	
234.647	-14.3625	
235.566	-14.1514	
236.49	-13.9414	
237.417	-13.7324	
238.347	-13.5246	
239.281	-13.3177	
240.219	-13.1119	
241.161	-12.9072	
242.106	-12.7035	
243.055	-12.5008	
244.008	-12.2992	
244.964	-12.0985	
245.925	-11.8989	
246.888	-11.7003	
247.856	-11.5027	
248.828	-11.3062	
249.803	-11.1106	
250.782	-10.9159	
251.765	-10.7223	
252.752	-10.5297	
253.743	-10.338	
254.737	-10.1473	
255.736	-9.95756	
256.738	-9.76878	
257.745	-9.58096	
258.755	-9.39408	
259.769	-9.20815	
260.787	-9.02315	
261.809	-8.83909	
262.836	-8.65596	
263.866	-8.47375	
264.9	-8.29246	
265.939	-8.11209	
266.981	-7.93263	
268.027	-7.75407	
269.078	-7.57641	
270.133	-7.39965	
271.192	-7.22378	
272.254	-7.04879	
273.322	-6.87469	
274.393	-6.70147	
275.469	-6.52912	
276.548	-6.35763	
277.632	-6.18702	
278.72	-6.01726	
279.813	-5.84835	
280.91	-5.6803	
282.011	-5.5131	
283.116	-5.34673	
284.226	-5.18121	
285.34	-5.01652	
286.458	-4.85266	
287.581	-4.68962	
288.709	-4.5274	
289.84	-4.36601	
290.976	-4.20542	
292.117	-4.04564	
293.262	-3.88667	
294.411	-3.7285	
295.565	-3.57112	
296.724	-3.41454	
297.887	-3.25875	
299.054	-3.10374	
300.227	-2.94951	
301.403	-2.79606	
302.585	-2.64338	
303.771	-2.49147	
304.962	-2.34033	
306.157	-2.18994	
307.357	-2.04032	
308.562	-1.89144	
309.771	-1.74332	
310.985	-1.59595	
312.204	-1.44931	
313.428	-1.30342	
314.657	-1.15826	
315.89	-1.01383	
317.128	-0.870131	
318.371	-0.727155	
319.619	-0.584901	
320.872	-0.443363	
322.13	-0.302539	
323.392	-0.162425	
324.66	-0.0230177	
325.933	0.115686	
327.21	0.253691	
328.493	0.390999	
329.78	0.527615	
331.073	0.663541	
332.371	0.798781	
333.673	0.933338	
334.981	1.06722	
336.294	1.20042	
337.612	1.33295	
338.936	1.46481	
340.264	1.596	
341.598	1.72653	
342.937	1.8564	
344.281	1.98562	
345.631	2.11418	
346.985	2.24209	
348.345	2.36935	
349.711	2.49597	
351.082	2.62195	
352.458	2.74729	
353.839	2.872	
355.226	2.99608	
356.619	3.11952	
358.016	3.24235	
359.42	3.36455	
360.829	3.48613	
362.243	3.60709	
363.663	3.72744	
365.088	3.84718	
366.519	3.96631	
367.956	4.08484	
369.398	4.20277	
370.846	4.32009	
372.3	4.43682	
373.759	4.55296	
375.224	4.66851	
376.695	4.78347	
378.171	4.89784	
379.654	5.01164	
381.142	5.12485	
382.636	5.23749	
384.135	5.34955	
385.641	5.46104	
387.153	5.57197	
388.67	5.68233	
390.194	5.79212	
391.723	5.90136	
393.259	6.01004	
394.8	6.11816	
396.348	6.22573	
397.901	6.33275	
399.461	6.43923	
401.027	6.54516	
402.598	6.65055	
404.176	6.75539	
405.761	6.85971	
407.351	6.96348	
408.948	7.06673	
410.551	7.16944	
412.16	7.27163	
413.776	7.3733	
415.397	7.47444	
417.026	7.57506	
418.66	7.67517	
420.301	7.77476	
421.949	7.87384	
423.603	7.97241	
425.263	8.07047	
426.93	8.16803	
428.603	8.26508	
430.283	8.36164	
431.97	8.45769	
433.663	8.55325	
435.363	8.64832	
437.069	8.7429	
438.783	8.83698	
440.502	8.93058	
442.229	9.0237	
443.963	9.11633	
445.703	9.20848	
447.45	9.30016	
449.204	9.39136	
450.964	9.48208	
452.732	9.57234	
454.507	9.66213	
456.288	9.75145	
458.077	9.8403	
459.872	9.92869	
461.675	10.0166	
463.484	10.1041	
465.301	10.1911	
467.125	10.2777	
468.956	10.3638	
470.794	10.4495	
472.639	10.5347	
474.492	10.6194	
476.352	10.7038	
478.219	10.7876	
480.093	10.8711	
481.975	10.9541	
483.864	11.0367	
485.761	11.1188	
487.665	11.2005	
489.576	11.2818	
491.495	11.3626	
493.422	11.443	
495.356	11.523	
497.298	11.6026	
499.247	11.6818	
501.204	11.7605	
503.168	11.8388	
505.141	11.9167	
507.121	11.9942	
509.108	12.0713	
511.104	12.148	
513.107	12.2243	
515.119	12.3001	
517.138	12.3756	
519.165	12.4506	
521.2	12.5253	
523.243	12.5995	
525.293	12.6734	
527.352	12.7469	
529.42	12.82	
531.495	12.8926	
533.578	12.9649	
535.669	13.0369	
537.769	13.1084	
539.877	13.1795	
541.993	13.2503	
544.118	13.3207	
546.25	13.3907	
548.391	13.4603	
550.541	13.5295	
552.699	13.5984	
554.865	13.6669	
557.04	13.735	
559.224	13.8028	
561.416	13.8702	
563.616	13.9372	
565.825	14.0039	
568.043	14.0702	
570.27	14.1362	
572.505	14.2017	
574.749	14.267	
577.002	14.3318	
579.264	14.3964	
581.534	14.4605	
583.814	14.5244	
586.102	14.5878	
588.399	14.6509	
590.706	14.7137	
593.021	14.7761	
595.345	14.8382	
597.679	14.9	
600.022	14.9614	
602.374	15.0224	
604.735	15.0832	
607.105	15.1436	
609.485	15.2036	
611.874	15.2634	
614.272	15.3228	
616.68	15.3818	
619.097	15.4406	
621.524	15.499	
623.96	15.5571	
626.406	15.6148	
628.861	15.6723	
631.326	15.7294	
633.8	15.7862	
636.285	15.8427	
638.779	15.8988	
641.283	15.9547	
643.796	16.0102	
646.32	16.0654	
648.853	16.1203	
651.396	16.1749	
653.95	16.2292	
656.513	16.2832	
659.086	16.3369	
661.67	16.3903	
664.263	16.4433	
666.867	16.4961	
669.481	16.5486	
672.105	16.6007	
674.739	16.6526	
677.384	16.7042	
680.039	16.7555	
682.705	16.8065	
685.381	16.8571	
688.067	16.9075	
690.764	16.9577	
693.472	17.0075	
696.19	17.057	
698.919	17.1063	
701.659	17.1552	
704.409	17.2039	
707.17	17.2523	
709.942	17.3004	
712.724	17.3483	
715.518	17.3958	
718.323	17.4431	
721.138	17.4901	
723.965	17.5368	
726.803	17.5833	
729.652	17.6295	
732.512	17.6754	
735.383	17.721	
738.265	17.7664	
741.159	17.8115	
744.064	17.8563	
746.981	17.9009	
749.909	17.9452	
752.848	17.9892	
755.799	18.033	
758.761	18.0765	
761.735	18.1198	
764.721	18.1627	
767.719	18.2055	
770.728	18.248	
773.749	18.2902	
776.782	18.3322	
779.826	18.3739	
782.883	18.4153	
785.952	18.4566	
789.033	18.4975	
792.125	18.5382	
795.23	18.5787	
798.347	18.6189	
801.476	18.6589	
804.618	18.6986	
807.772	18.7381	
810.938	18.7773	
814.117	18.8163	
817.308	18.8551	
820.511	18.8936	
823.727	18.9319	
826.956	18.9699	
830.198	19.0078	
833.452	19.0453	
836.719	19.0827	
839.998	19.1198	
843.291	19.1566	
846.596	19.1933	
849.915	19.2297	
853.246	19.2659	
856.591	19.3018	
859.948	19.3375	
863.319	19.373	
866.703	19.4083	
870.1	19.4434	
873.51	19.4782	
876.934	19.5128	
880.372	19.5472	
883.822	19.5813	
887.287	19.6153	
890.765	19.649	
894.256	19.6825	
897.761	19.7158	
901.28	19.7488	
904.813	19.7817	
908.36	19.8143	
911.92	19.8467	
915.495	19.879	
919.083	19.911	
922.685	19.9428	
926.302	19.9743	
929.933	20.0057	
933.578	20.0369	
937.237	20.0678	
940.911	20.0986	
944.599	20.1291	
948.302	20.1595	
952.019	20.1896	
955.75	20.2195	
959.496	20.2493	
963.257	20.2788	
967.033	20.3081	
970.824	20.3373	
974.629	20.3662	
978.449	20.395	
982.284	20.4235	
986.135	20.4518	
990	20.48	
993.88	20.5079	
997.776	20.5357	
1001.69	20.5633	
1005.61	20.5907	
1009.56	20.6179	
1013.51	20.6449	
1017.48	20.6717	
1021.47	20.6983	
1025.48	20.7247	
1029.5	20.751	
1033.53	20.777	
1037.58	20.8029	
1041.65	20.8286	
1045.73	20.8541	
1049.83	20.8794	
1053.95	20.9046	
1058.08	20.9295	
1062.23	20.9543	
1066.39	20.9789	
1070.57	21.0033	
1074.77	21.0276	
1078.98	21.0516	
1083.21	21.0755	
1087.45	21.0993	
1091.72	21.1228	
1095.99	21.1462	
1100.29	21.1693	
1104.6	21.1924	
1108.93	21.2152	
1113.28	21.2379	
1117.64	21.2604	
1122.02	21.2827	
1126.42	21.3049	
1130.84	21.3269	
1135.27	21.3487	
1139.72	21.3704	
1144.19	21.3919	
1148.67	21.4132	
1153.17	21.4344	
1157.69	21.4554	
1162.23	21.4762	
1166.79	21.4969	
1171.36	21.5174	
1175.95	21.5377	
1180.56	21.5579	
1185.19	21.5779	
1189.84	21.5978	
1194.5	21.6175	
1199.18	21.6371	
1203.88	21.6565	
1208.6	21.6757	
1213.34	21.6948	
1218.09	21.7137	
1222.87	21.7325	
1227.66	21.7511	
1232.47	21.7696	
1237.3	21.7879	
1242.15	21.806	
1247.02	21.8241	
1251.91	21.8419	
1256.82	21.8596	
1261.74	21.8772	
1266.69	21.8946	
1271.65	21.9118	
1276.64	21.929	
1281.64	21.9459	
1286.67	21.9627	
1291.71	21.9794	
1296.77	21.9959	
1301.86	22.0123	
1306.96	22.0286	
1312.08	22.0447	
1317.22	22.0606	
1322.39	22.0764	
1327.57	22.0921	
1332.78	22.1076	
1338	22.123	
1343.24	22.1383	
1348.51	22.1534	
1353.79	22.1683	
1359.1	22.1832	
1364.43	22.1979	
1369.78	22.2124	
1375.15	22.2269	
1380.54	22.2411	
1385.95	22.2553	
1391.38	22.2693	
1396.83	22.2832	
1402.31	22.2969	
1407.8	22.3106	
1413.32	22.3241	
1418.86	22.3374	
1424.42	22.3506	
1430.01	22.3637	
1435.61	22.3767	
1441.24	22.3895	
1446.89	22.4022	
1452.56	22.4148	
1458.25	22.4273	
1463.97	22.4396	
1469.71	22.4518	
1475.47	22.4638	
1481.25	22.4758	
1487.06	22.4876	
1492.89	22.4993	
1498.74	22.5109	
1504.61	22.5223	
1510.51	22.5336	
1516.43	22.5448	
1522.38	22.5559	
1528.34	22.5669	
1534.33	22.5777	
1540.35	22.5884	
1546.39	22.599	
1552.45	22.6095	
1558.53	22.6199	
1564.64	22.6301	
1570.77	22.6402	
1576.93	22.6502	
1583.11	22.6601	
1589.32	22.6699	
1595.55	22.6796	
1601.8	22.6891	
1608.08	22.6985	
1614.38	22.7078	
1620.71	22.717	
1627.06	22.7261	
1633.44	22.7351	
1639.84	22.744	
1646.27	22.7527	
1652.72	22.7614	
1659.2	22.7699	
1665.71	22.7783	
1672.23	22.7866	
1678.79	22.7948	
1685.37	22.8029	
1691.98	22.8109	
1698.61	22.8188	
1705.27	22.8265	
1711.95	22.8342	
1718.66	22.8417	
1725.4	22.8492	
1732.16	22.8565	
1738.95	22.8637	
1745.77	22.8709	
1752.61	22.8779	
1759.48	22.8848	
1766.37	22.8916	
1773.3	22.8984	
1780.25	22.905	
1787.23	22.9115	
1794.23	22.9179	
1801.26	22.9242	
1808.33	22.9304	
1815.41	22.9365	
1822.53	22.9425	
1829.67	22.9484	
1836.84	22.9542	
1844.04	22.9599	
1851.27	22.9656	
1858.53	22.9711	
1865.81	22.9765	
1873.13	22.9818	
1880.47	22.987	
1887.84	22.9921	
1895.24	22.9972	
1902.67	23.0021	
1910.13	23.007	
1917.61	23.0117	
1925.13	23.0163	
1932.68	23.0209	
1940.25	23.0254	
1947.86	23.0297	
1955.49	23.034	
1963.16	23.0382	
1970.85	23.0423	
1978.58	23.0463	
1986.33	23.0502	
1994.12	23.054	
2001.93	23.0578	
2009.78	23.0614	
2017.66	23.065	
2025.57	23.0684	
2033.51	23.0718	
2041.48	23.0751	
2049.48	23.0783	
2057.51	23.0814	
2065.58	23.0845	
2073.67	23.0874	
2081.8	23.0902	
2089.96	23.093	
2098.15	23.0957	
2106.38	23.0983	
2114.63	23.1008	
2122.92	23.1032	
2131.24	23.1056	
2139.6	23.1078	
2147.98	23.11	
2156.4	23.1121	
2164.86	23.1141	
2173.34	23.1161	
2181.86	23.1179	
2190.41	23.1197	
2199	23.1214	
2207.62	23.123	
2216.27	23.1245	
2224.96	23.1259	
2233.68	23.1273	
2242.44	23.1286	
2251.22	23.1298	
2260.05	23.1309	
2268.91	23.132	
2277.8	23.1329	
2286.73	23.1338	
2295.69	23.1347	
2304.69	23.1354	
2313.72	23.1361	
2322.79	23.1367	
2331.9	23.1372	
2341.04	23.1376	
2350.21	23.138	
2359.43	23.1382	
2368.67	23.1385	
2377.96	23.1386	
2387.28	23.1387	
2396.64	23.1387	
2406.03	23.1386	
2415.46	23.1384	
2424.93	23.1382	
2434.44	23.1379	
2443.98	23.1375	
2453.56	23.1371	
2463.17	23.1366	
2472.83	23.136	
2482.52	23.1353	
2492.25	23.1346	
2502.02	23.1338	
2511.83	23.1329	
2521.67	23.132	
2531.56	23.131	
2541.48	23.1299	
2551.44	23.1288	
2561.44	23.1275	
2571.48	23.1263	
2581.56	23.1249	
2591.68	23.1235	
2601.84	23.122	
2612.04	23.1205	
2622.28	23.1189	
2632.56	23.1172	
2642.88	23.1154	
2653.23	23.1136	
2663.63	23.1117	
2674.07	23.1098	
2684.56	23.1078	
2695.08	23.1057	
2705.64	23.1036	
2716.25	23.1014	
2726.89	23.0991	
2737.58	23.0968	
2748.31	23.0944	
2759.09	23.092	
2769.9	23.0895	
2780.76	23.0869	
2791.66	23.0842	
2802.6	23.0815	
2813.59	23.0788	
2824.61	23.076	
2835.69	23.0731	
2846.8	23.0701	
2857.96	23.0671	
2869.16	23.0641	
2880.41	23.061	
2891.7	23.0578	
2903.03	23.0545	
2914.41	23.0513	
2925.84	23.0479	
2937.3	23.0445	
2948.82	23.041	
2960.38	23.0375	
2971.98	23.0339	
2983.63	23.0302	
2995.32	23.0265	
3007.06	23.0228	
3018.85	23.019	
3030.68	23.0151	
3042.56	23.0112	
3054.49	23.0072	
3066.46	23.0032	
3078.48	22.9991	
3090.55	22.9949	
3102.66	22.9907	
3114.82	22.9865	
3127.03	22.9822	
3139.29	22.9778	
3151.59	22.9734	
3163.95	22.9689	
3176.35	22.9644	
3188.8	22.9598	
3201.3	22.9552	
3213.85	22.9505	
3226.44	22.9458	
3239.09	22.941	
3251.79	22.9361	
3264.53	22.9313	
3277.33	22.9263	
3290.17	22.9213	
3303.07	22.9163	
3316.02	22.9112	
3329.02	22.9061	
3342.06	22.9009	
3355.16	22.8956	
3368.32	22.8903	
3381.52	22.885	
3394.77	22.8796	
3408.08	22.8742	
3421.44	22.8687	
3434.85	22.8631	
3448.31	22.8576	
3461.83	22.8519	
3475.4	22.8463	
3489.02	22.8405	
3502.7	22.8348	
3516.43	22.8289	
3530.21	22.8231	
3544.05	22.8172	
3557.94	22.8112	
3571.88	22.8052	
3585.88	22.7991	
3599.94	22.793	
3614.05	22.7869	
3628.22	22.7807	
3642.44	22.7745	
3656.72	22.7682	
3671.05	22.7619	
3685.44	22.7555	
3699.88	22.7491	
3714.39	22.7427	
3728.95	22.7362	
3743.56	22.7296	
3758.23	22.723	
3772.97	22.7164	
3787.75	22.7097	
3802.6	22.703	
3817.51	22.6963	
3832.47	22.6895	
3847.49	22.6826	
3862.57	22.6757	
3877.71	22.6688	
3892.91	22.6618	
3908.17	22.6548	
3923.49	22.6478	
3938.87	22.6407	
3954.31	22.6336	
3969.81	22.6264	
3985.37	22.6192	
4000.99	22.6119	
4016.67	22.6047	
4032.42	22.5973	
4048.22	22.59	
4064.09	22.5825	
4080.02	22.5751	
4096.01	22.5676	
4112.07	22.5601	
4128.19	22.5525	
4144.37	22.5449	
4160.61	22.5373	
4176.92	22.5296	
4193.29	22.5219	
4209.73	22.5141	
4226.23	22.5063	
4242.79	22.4985	
4259.42	22.4907	
4276.12	22.4828	
4292.88	22.4748	
4309.71	22.4668	
4326.6	22.4588	
4343.56	22.4508	
4360.59	22.4427	
4377.68	22.4346	
4394.84	22.4264	
4412.06	22.4182	
4429.36	22.41	
4446.72	22.4017	
4464.15	22.3934	
4481.65	22.3851	
4499.21	22.3768	
4516.85	22.3684	
4534.55	22.3599	
4552.33	22.3515	
4570.17	22.343	
4588.08	22.3344	
4606.07	22.3259	
4624.12	22.3172	
4642.25	22.3086	
4660.44	22.2999	
4678.71	22.2912	
4697.05	22.2825	
4715.46	22.2737	
4733.94	22.265	
