1	-2.53806	
1.00392	-2.52079	
1.00785	-2.50363	
1.01181	-2.48658	
1.01577	-2.46963	
1.01975	-2.45279	
1.02375	-2.43605	
1.02776	-2.41942	
1.03179	-2.40289	
1.03584	-2.38646	
1.0399	-2.37013	
1.04397	-2.3539	
1.04806	-2.33778	
1.05217	-2.32175	
1.0563	-2.30582	
1.06044	-2.28999	
1.06459	-2.27426	
1.06877	-2.25862	
1.07295	-2.24307	
1.07716	-2.22763	
1.08138	-2.21227	
1.08562	-2.19701	
1.08988	-2.18184	
1.09415	-2.16677	
1.09844	-2.15178	
1.10274	-2.13688	
1.10707	-2.12208	
1.1114	-2.10736	
1.11576	-2.09274	
1.12013	-2.0782	
1.12452	-2.06374	
1.12893	-2.04938	
1.13336	-2.0351	
1.1378	-2.0209	
1.14226	-2.00679	
1.14674	-1.99277	
1.15123	-1.97882	
1.15574	-1.96496	
1.16027	-1.95119	
1.16482	-1.93749	
1.16939	-1.92387	
1.17397	-1.91034	
1.17857	-1.89688	
1.18319	-1.88351	
1.18783	-1.87021	
1.19249	-1.85699	
1.19716	-1.84385	
1.20185	-1.83079	
1.20656	-1.8178	
1.21129	-1.80489	
1.21604	-1.79205	
1.22081	-1.77929	
1.22559	-1.7666	
1.2304	-1.75399	
1.23522	-1.74145	
1.24006	-1.72898	
1.24492	-1.71658	
1.2498	-1.70426	
1.2547	-1.69201	
1.25962	-1.67982	
1.26456	-1.66771	
1.26951	-1.65567	
1.27449	-1.6437	
1.27948	-1.63179	
1.2845	-1.61996	
1.28953	-1.60819	
1.29459	-1.59649	
1.29966	-1.58486	
1.30476	-1.57329	
1.30987	-1.56179	
1.31501	-1.55035	
1.32016	-1.53898	
1.32534	-1.52767	
1.33053	-1.51643	
1.33575	-1.50525	
1.34098	-1.49414	
1.34624	-1.48309	
1.35151	-1.4721	
1.35681	-1.46117	
1.36213	-1.4503	
1.36747	-1.4395	
1.37283	-1.42876	
1.37821	-1.41807	
1.38361	-1.40745	
1.38904	-1.39689	
1.39448	-1.38638	
1.39995	-1.37593	
1.40543	-1.36555	
1.41094	-1.35522	
1.41647	-1.34495	
1.42203	-1.33473	
1.4276	-1.32457	
1.43319	-1.31447	
1.43881	-1.30443	
1.44445	-1.29444	
1.45011	-1.2845	
1.4558	-1.27462	
1.4615	-1.2648	
1.46723	-1.25503	
1.47298	-1.24531	
1.47876	-1.23565	
1.48455	-1.22604	
1.49037	-1.21648	
1.49621	-1.20698	
1.50208	-1.19753	
1.50797	-1.18813	
1.51388	-1.17878	
1.51981	-1.16948	
1.52577	-1.16024	
1.53175	-1.15104	
1.53775	-1.14189	
1.54378	-1.1328	
1.54983	-1.12375	
1.55591	-1.11476	
1.56201	-1.10581	
1.56813	-1.09691	
1.57427	-1.08806	
1.58045	-1.07926	
1.58664	-1.0705	
1.59286	-1.0618	
1.5991	-1.05314	
1.60537	-1.04452	
1.61166	-1.03596	
1.61798	-1.02743	
1.62432	-1.01896	
1.63069	-1.01053	
1.63708	-1.00215	
1.6435	-0.99381	
1.64994	-0.985516	
1.65641	-0.977267	
1.6629	-0.969063	
1.66942	-0.960902	
1.67596	-0.952785	
1.68253	-0.944712	
1.68913	-0.936682	
1.69575	-0.928695	
1.70239	-0.92075	
1.70907	-0.912848	
1.71577	-0.904988	
1.72249	-0.89717	
1.72924	-0.889394	
1.73602	-0.881659	
1.74282	-0.873965	
1.74966	-0.866313	
1.75651	-0.8587	
1.7634	-0.851128	
1.77031	-0.843597	
1.77725	-0.836105	
1.78422	-0.828653	
1.79121	-0.82124	
1.79823	-0.813867	
1.80528	-0.806532	
1.81236	-0.799237	
1.81946	-0.791979	
1.82659	-0.784761	
1.83375	-0.77758	
1.84094	-0.770437	
1.84815	-0.763331	
1.8554	-0.756263	
1.86267	-0.749232	
1.86997	-0.742238	
1.8773	-0.735281	
1.88466	-0.72836	
1.89205	-0.721475	
1.89946	-0.714627	
1.90691	-0.707814	
1.91438	-0.701037	
1.92189	-0.694296	
1.92942	-0.68759	
1.93698	-0.680918	
1.94458	-0.674282	
1.9522	-0.66768	
1.95985	-0.661113	
1.96753	-0.65458	
1.97524	-0.64808	
1.98299	-0.641615	
1.99076	-0.635183	
1.99856	-0.628785	
2.0064	-0.62242	
2.01426	-0.616088	
2.02216	-0.609789	
2.03008	-0.603523	
2.03804	-0.597289	
2.04603	-0.591087	
2.05405	-0.584918	
2.0621	-0.57878	
2.07018	-0.572674	
2.0783	-0.5666	
2.08644	-0.560557	
2.09462	-0.554546	
2.10283	-0.548565	
2.11107	-0.542615	
2.11935	-0.536696	
2.12766	-0.530808	
2.13599	-0.52495	
2.14437	-0.519122	
2.15277	-0.513324	
2.16121	-0.507555	
2.16968	-0.501817	
2.17819	-0.496108	
2.18672	-0.490428	
2.1953	-0.484778	
2.2039	-0.479156	
2.21254	-0.473564	
2.22121	-0.468	
2.22992	-0.462464	
2.23866	-0.456957	
2.24743	-0.451479	
2.25624	-0.446028	
2.26509	-0.440605	
2.27396	-0.43521	
2.28288	-0.429842	
2.29183	-0.424502	
2.30081	-0.419189	
2.30983	-0.413904	
2.31888	-0.408645	
2.32797	-0.403413	
2.3371	-0.398208	
2.34626	-0.39303	
2.35545	-0.387878	
2.36469	-0.382752	
2.37395	-0.377652	
2.38326	-0.372578	
2.3926	-0.36753	
2.40198	-0.362508	
2.41139	-0.357511	
2.42085	-0.35254	
2.43034	-0.347594	
2.43986	-0.342673	
2.44942	-0.337778	
2.45903	-0.332907	
2.46866	-0.328061	
2.47834	-0.323239	
2.48806	-0.318442	
2.49781	-0.313669	
2.5076	-0.308921	
2.51743	-0.304196	
2.52729	-0.299496	
2.5372	-0.294819	
2.54715	-0.290166	
2.55713	-0.285537	
2.56715	-0.280931	
2.57722	-0.276349	
2.58732	-0.271789	
2.59746	-0.267253	
2.60764	-0.26274	
2.61786	-0.258249	
2.62812	-0.253781	
2.63842	-0.249336	
2.64877	-0.244914	
2.65915	-0.240513	
2.66957	-0.236135	
2.68003	-0.231779	
2.69054	-0.227446	
2.70109	-0.223134	
2.71167	-0.218843	
2.7223	-0.214575	
2.73297	-0.210328	
2.74369	-0.206102	
2.75444	-0.201898	
2.76524	-0.197715	
2.77607	-0.193553	
2.78696	-0.189412	
2.79788	-0.185292	
2.80885	-0.181193	
2.81986	-0.177114	
2.83091	-0.173056	
2.84201	-0.169019	
2.85315	-0.165002	
2.86433	-0.161005	
2.87556	-0.157028	
2.88683	-0.153071	
2.89814	-0.149135	
2.9095	-0.145218	
2.92091	-0.141321	
2.93236	-0.137443	
2.94385	-0.133585	
2.95539	-0.129747	
2.96697	-0.125927	
2.9786	-0.122127	
2.99028	-0.118346	
3.002	-0.114585	
3.01377	-0.110842	
3.02558	-0.107118	
3.03744	-0.103413	
3.04934	-0.099726	
3.0613	-0.096058	
3.0733	-0.0924085	
3.08534	-0.0887773	
3.09744	-0.0851644	
3.10958	-0.0815698	
3.12177	-0.0779932	
3.134	-0.0744346	
3.14629	-0.070894	
3.15862	-0.0673712	
3.171	-0.0638661	
3.18343	-0.0603787	
3.19591	-0.0569089	
3.20843	-0.0534565	
3.22101	-0.0500215	
3.23364	-0.0466038	
3.24631	-0.0432034	
3.25903	-0.03982	
3.27181	-0.0364538	
3.28463	-0.0331044	
3.29751	-0.029772	
3.31043	-0.0264563	
3.32341	-0.0231574	
3.33644	-0.0198751	
3.34951	-0.0166093	
3.36264	-0.01336	
3.37582	-0.0101271	
3.38906	-0.00691044	
3.40234	-0.00371003	
3.41568	-0.000525758	
3.42906	0.00264245	
3.4425	0.00579468	
3.456	0.008931	
3.46954	0.0120515	
3.48314	0.0151563	
3.4968	0.0182453	
3.5105	0.0213188	
3.52426	0.0243768	
3.53808	0.0274193	
3.55195	0.0304465	
3.56587	0.0334584	
3.57984	0.036455	
3.59388	0.0394365	
3.60796	0.042403	
3.62211	0.0453544	
3.6363	0.048291	
3.65056	0.0512126	
3.66487	0.0541195	
3.67923	0.0570117	
3.69365	0.0598893	
3.70813	0.0627523	
3.72266	0.0656008	
3.73726	0.0684348	
3.75191	0.0712546	
3.76661	0.07406	
3.78138	0.0768512	
3.7962	0.0796283	
3.81108	0.0823913	
3.82602	0.0851402	
3.84101	0.0878753	
3.85607	0.0905964	
3.87118	0.0933038	
3.88636	0.0959974	
3.90159	0.0986773	
3.91688	0.101344	
3.93224	0.103996	
3.94765	0.106636	
3.96312	0.109261	
3.97866	0.111874	
3.99425	0.114473	
4.00991	0.117059	
4.02563	0.119632	
4.0414	0.122192	
4.05725	0.124738	
4.07315	0.127272	
4.08911	0.129793	
4.10514	0.132301	
4.12123	0.134796	
4.13739	0.137278	
4.1536	0.139748	
4.16988	0.142205	
4.18623	0.144649	
4.20264	0.147081	
4.21911	0.149501	
4.23565	0.151908	
4.25225	0.154303	
4.26892	0.156686	
4.28565	0.159056	
4.30245	0.161415	
4.31931	0.163761	
4.33624	0.166095	
4.35324	0.168417	
4.3703	0.170727	
4.38743	0.173026	
4.40463	0.175312	
4.4219	0.177587	
4.43923	0.17985	
4.45663	0.182102	
4.4741	0.184342	
4.49164	0.18657	
4.50924	0.188787	
4.52692	0.190992	
4.54466	0.193186	
4.56247	0.195369	
4.58036	0.19754	
4.59831	0.199701	
4.61633	0.20185	
4.63443	0.203988	
4.65259	0.206115	
4.67083	0.20823	
4.68914	0.210335	
4.70752	0.212429	
4.72597	0.214513	
4.7445	0.216585	
4.76309	0.218646	
4.78176	0.220697	
4.80051	0.222737	
4.81932	0.224767	
4.83821	0.226786	
4.85718	0.228795	
4.87622	0.230793	
4.89533	0.23278	
4.91452	0.234757	
4.93378	0.236724	
4.95312	0.238681	
4.97253	0.240627	
4.99202	0.242564	
5.01159	0.24449	
5.03124	0.246406	
5.05096	0.248312	
5.07075	0.250208	
5.09063	0.252094	
5.11058	0.25397	
5.13062	0.255836	
5.15073	0.257693	
5.17092	0.259539	
5.19118	0.261376	
5.21153	0.263203	
5.23196	0.265021	
5.25247	0.266829	
5.27305	0.268627	
5.29372	0.270416	
5.31447	0.272196	
5.3353	0.273966	
5.35622	0.275727	
5.37721	0.277478	
5.39829	0.27922	
5.41945	0.280953	
5.44069	0.282676	
5.46202	0.284391	
5.48343	0.286096	
5.50492	0.287792	
5.5265	0.28948	
5.54816	0.291158	
5.56991	0.292827	
5.59174	0.294487	
5.61366	0.296139	
5.63566	0.297781	
5.65775	0.299415	
5.67993	0.30104	
5.70219	0.302656	
5.72454	0.304264	
5.74698	0.305862	
5.76951	0.307453	
5.79212	0.309035	
5.81482	0.310608	
5.83762	0.312172	
5.8605	0.313729	
5.88347	0.315276	
5.90653	0.316816	
5.92968	0.318347	
5.95292	0.31987	
5.97626	0.321384	
5.99968	0.322891	
6.0232	0.324389	
6.04681	0.325879	
6.07051	0.327361	
6.0943	0.328834	
6.11819	0.3303	
6.14217	0.331758	
6.16625	0.333207	
6.19042	0.334649	
6.21468	0.336083	
6.23904	0.337509	
6.2635	0.338927	
6.28805	0.340338	
6.3127	0.34174	
6.33744	0.343135	
6.36228	0.344522	
6.38722	0.345902	
6.41225	0.347273	
6.43739	0.348638	
6.46262	0.349994	
6.48795	0.351344	
6.51338	0.352685	
6.53891	0.354019	
6.56454	0.355346	
6.59028	0.356665	
6.61611	0.357977	
6.64204	0.359282	
6.66807	0.36058	
6.69421	0.36187	
6.72045	0.363152	
6.74679	0.364428	
6.77324	0.365697	
6.79979	0.366958	
6.82644	0.368212	
6.8532	0.369459	
6.88006	0.370699	
6.90703	0.371933	
6.9341	0.373159	
6.96128	0.374378	
6.98857	0.37559	
7.01596	0.376795	
7.04346	0.377994	
7.07107	0.379185	
7.09878	0.38037	
7.12661	0.381548	
7.15454	0.38272	
7.18259	0.383884	
7.21074	0.385042	
7.239	0.386193	
7.26738	0.387338	
7.29586	0.388476	
7.32446	0.389607	
7.35317	0.390732	
7.38199	0.391851	
7.41093	0.392963	
7.43998	0.394068	
7.46914	0.395167	
7.49842	0.39626	
7.52781	0.397346	
7.55731	0.398426	
7.58694	0.3995	
7.61668	0.400567	
7.64653	0.401628	
7.6765	0.402683	
7.70659	0.403731	
7.7368	0.404774	
7.76712	0.40581	
7.79757	0.40684	
7.82813	0.407864	
7.85882	0.408882	
7.88962	0.409894	
7.92055	0.4109	
7.95159	0.4119	
7.98276	0.412894	
8.01405	0.413882	
8.04546	0.414864	
8.077	0.41584	
8.10866	0.416811	
8.14044	0.417775	
8.17235	0.418734	
8.20438	0.419687	
8.23654	0.420634	
8.26883	0.421575	
8.30124	0.422511	
8.33377	0.423441	
8.36644	0.424365	
8.39923	0.425284	
8.43216	0.426197	
8.46521	0.427104	
8.49839	0.428006	
8.5317	0.428902	
8.56514	0.429793	
8.59871	0.430679	
8.63242	0.431558	
8.66625	0.432433	
8.70022	0.433302	
8.73433	0.434165	
8.76856	0.435023	
8.80293	0.435876	
8.83744	0.436724	
8.87208	0.437566	
8.90685	0.438403	
8.94176	0.439235	
8.97681	0.440061	
9.012	0.440882	
9.04732	0.441698	
9.08279	0.442509	
9.11839	0.443315	
9.15413	0.444115	
9.19001	0.44491	
9.22603	0.445701	
9.2622	0.446486	
9.2985	0.447266	
9.33495	0.448041	
9.37154	0.448812	
9.40827	0.449577	
9.44515	0.450337	
9.48217	0.451092	
9.51934	0.451843	
9.55665	0.452588	
9.59411	0.453329	
9.63172	0.454065	
9.66947	0.454796	
9.70737	0.455522	
9.74542	0.456243	
9.78362	0.45696	
9.82197	0.457672	
9.86047	0.458379	
9.89912	0.459081	
9.93792	0.459779	
9.97687	0.460472	
10.016	0.46116	
10.0552	0.461844	
10.0947	0.462523	
10.1342	0.463198	
10.1739	0.463868	
10.2138	0.464534	
10.2539	0.465194	
10.294	0.465851	
10.3344	0.466503	
10.3749	0.46715	
10.4156	0.467793	
10.4564	0.468432	
10.4974	0.469066	
10.5385	0.469696	
10.5798	0.470321	
10.6213	0.470942	
10.6629	0.471559	
10.7047	0.472171	
10.7467	0.472779	
10.7888	0.473383	
10.8311	0.473983	
10.8736	0.474578	
10.9162	0.475169	
10.959	0.475756	
11.0019	0.476338	
11.045	0.476917	
11.0883	0.477491	
11.1318	0.478061	
11.1754	0.478627	
11.2192	0.479189	
11.2632	0.479747	
11.3074	0.480301	
11.3517	0.480851	
11.3962	0.481396	
11.4409	0.481938	
11.4857	0.482476	
11.5307	0.48301	
11.5759	0.483539	
11.6213	0.484065	
11.6668	0.484587	
11.7126	0.485105	
11.7585	0.485619	
11.8046	0.486129	
11.8508	0.486635	
11.8973	0.487138	
11.9439	0.487636	
11.9907	0.488131	
12.0377	0.488622	
12.0849	0.489109	
12.1323	0.489593	
12.1798	0.490072	
12.2276	0.490548	
12.2755	0.49102	
12.3236	0.491489	
12.3719	0.491954	
12.4204	0.492415	
12.4691	0.492872	
12.518	0.493326	
12.5671	0.493776	
12.6163	0.494223	
12.6658	0.494666	
12.7154	0.495105	
12.7653	0.495541	
12.8153	0.495974	
12.8655	0.496402	
12.916	0.496828	
12.9666	0.497249	
13.0174	0.497668	
13.0684	0.498082	
13.1197	0.498494	
13.1711	0.498902	
13.2227	0.499306	
13.2745	0.499707	
13.3266	0.500105	
13.3788	0.500499	
13.4312	0.50089	
13.4839	0.501277	
13.5367	0.501661	
13.5898	0.502042	
13.6431	0.50242	
13.6965	0.502794	
13.7502	0.503165	
13.8041	0.503533	
13.8582	0.503897	
13.9126	0.504258	
13.9671	0.504616	
14.0218	0.504971	
14.0768	0.505322	
14.132	0.505671	
14.1874	0.506016	
14.243	0.506358	
14.2988	0.506697	
14.3548	0.507032	
14.4111	0.507365	
14.4676	0.507694	
14.5243	0.508021	
14.5812	0.508344	
14.6384	0.508664	
14.6958	0.508981	
14.7534	0.509295	
14.8112	0.509606	
14.8693	0.509914	
14.9275	0.510219	
14.9861	0.510521	
15.0448	0.510821	
15.1038	0.511117	
15.163	0.51141	
15.2224	0.5117	
15.2821	0.511987	
15.342	0.512272	
15.4021	0.512553	
15.4625	0.512832	
15.5231	0.513107	
15.5839	0.51338	
15.645	0.51365	
15.7063	0.513917	
15.7679	0.514181	
15.8297	0.514443	
15.8918	0.514702	
15.954	0.514957	
16.0166	0.515211	
16.0794	0.515461	
16.1424	0.515708	
16.2057	0.515953	
16.2692	0.516195	
16.3329	0.516435	
16.397	0.516671	
16.4612	0.516905	
16.5258	0.517136	
16.5905	0.517365	
16.6556	0.517591	
16.7209	0.517814	
16.7864	0.518035	
16.8522	0.518253	
16.9182	0.518468	
16.9846	0.518681	
17.0511	0.518891	
17.118	0.519099	
17.1851	0.519304	
17.2524	0.519506	
17.32	0.519706	
17.3879	0.519903	
17.4561	0.520098	
17.5245	0.52029	
17.5932	0.52048	
17.6622	0.520667	
17.7314	0.520852	
17.8009	0.521034	
17.8707	0.521214	
17.9407	0.521391	
18.011	0.521566	
18.0816	0.521739	
18.1525	0.521909	
18.2237	0.522077	
18.2951	0.522242	
18.3668	0.522405	
18.4388	0.522565	
18.5111	0.522723	
18.5836	0.522879	
18.6565	0.523032	
18.7296	0.523183	
18.803	0.523332	
18.8767	0.523479	
18.9507	0.523623	
19.025	0.523764	
19.0996	0.523904	
19.1744	0.524041	
19.2496	0.524176	
19.325	0.524309	
19.4008	0.524439	
19.4768	0.524567	
19.5532	0.524693	
19.6298	0.524817	
19.7068	0.524938	
19.784	0.525058	
19.8615	0.525175	
19.9394	0.52529	
20.0176	0.525402	
20.096	0.525513	
20.1748	0.525621	
20.2539	0.525727	
20.3333	0.525832	
20.413	0.525934	
20.493	0.526033	
20.5733	0.526131	
20.6539	0.526227	
20.7349	0.52632	
20.8162	0.526412	
20.8978	0.526501	
20.9797	0.526589	
21.0619	0.526674	
21.1445	0.526757	
21.2273	0.526838	
21.3105	0.526917	
21.3941	0.526995	
21.4779	0.52707	
21.5621	0.527143	
21.6466	0.527214	
21.7315	0.527283	
21.8167	0.52735	
21.9022	0.527415	
21.988	0.527479	
22.0742	0.52754	
22.1607	0.527599	
22.2476	0.527657	
22.3348	0.527712	
22.4224	0.527766	
22.5102	0.527817	
22.5985	0.527867	
22.6871	0.527915	
22.776	0.527961	
22.8653	0.528005	
22.9549	0.528047	
23.0449	0.528088	
23.1352	0.528126	
23.2259	0.528163	
23.3169	0.528198	
23.4083	0.528231	
23.5001	0.528262	
23.5922	0.528291	
23.6846	0.528319	
23.7775	0.528345	
23.8707	0.528369	
23.9642	0.528391	
24.0582	0.528411	
24.1525	0.52843	
24.2471	0.528447	
24.3422	0.528462	
24.4376	0.528475	
24.5334	0.528487	
24.6295	0.528497	
24.7261	0.528505	
24.823	0.528512	
24.9203	0.528517	
25.018	0.52852	
25.116	0.528521	
25.2145	0.528521	
25.3133	0.528519	
25.4125	0.528516	
25.5122	0.52851	
25.6122	0.528504	
25.7125	0.528495	
25.8133	0.528485	
25.9145	0.528473	
26.0161	0.52846	
26.1181	0.528445	
26.2204	0.528428	
26.3232	0.52841	
26.4264	0.52839	
26.53	0.528369	
26.634	0.528346	
26.7384	0.528321	
26.8432	0.528295	
26.9484	0.528267	
27.054	0.528238	
27.1601	0.528207	
27.2665	0.528175	
27.3734	0.528141	
27.4807	0.528106	
27.5884	0.528069	
27.6965	0.528031	
27.8051	0.527991	
27.9141	0.527949	
28.0235	0.527906	
28.1333	0.527862	
28.2436	0.527816	
28.3543	0.527769	
28.4655	0.52772	
28.577	0.52767	
28.6891	0.527618	
28.8015	0.527565	
28.9144	0.527511	
29.0277	0.527455	
29.1415	0.527397	
29.2557	0.527339	
29.3704	0.527278	
29.4855	0.527217	
29.6011	0.527154	
29.7171	0.527089	
29.8336	0.527024	
29.9506	0.526956	
30.068	0.526888	
30.1858	0.526818	
30.3041	0.526747	
30.4229	0.526674	
30.5422	0.5266	
30.6619	0.526525	
30.7821	0.526448	
30.9027	0.52637	
31.0238	0.526291	
31.1455	0.52621	
31.2675	0.526128	
31.3901	0.526045	
31.5131	0.52596	
31.6367	0.525875	
31.7607	0.525787	
31.8851	0.525699	
32.0101	0.525609	
32.1356	0.525518	
32.2616	0.525426	
32.388	0.525333	
32.515	0.525238	
32.6424	0.525142	
32.7704	0.525045	
32.8988	0.524946	
33.0278	0.524847	
33.1572	0.524746	
33.2872	0.524644	
33.4177	0.524541	
33.5487	0.524436	
33.6802	0.52433	
33.8122	0.524223	
33.9447	0.524115	
34.0778	0.524006	
34.2113	0.523895	
34.3454	0.523784	
34.48	0.523671	
34.6152	0.523557	
34.7509	0.523442	
34.8871	0.523326	
35.0238	0.523208	
35.1611	0.52309	
35.2989	0.52297	
35.4373	0.522849	
35.5762	0.522727	
35.7157	0.522604	
35.8556	0.52248	
35.9962	0.522354	
36.1373	0.522228	
36.2789	0.522101	
36.4211	0.521972	
36.5639	0.521842	
36.7072	0.521711	
36.8511	0.52158	
36.9955	0.521447	
37.1405	0.521313	
37.2861	0.521178	
37.4323	0.521041	
37.579	0.520904	
37.7263	0.520766	
37.8742	0.520627	
38.0226	0.520487	
38.1717	0.520345	
38.3213	0.520203	
38.4715	0.520059	
38.6223	0.519915	
38.7737	0.51977	
38.9257	0.519623	
39.0782	0.519476	
39.2314	0.519327	
39.3852	0.519178	
39.5396	0.519028	
39.6945	0.518876	
39.8501	0.518724	
40.0063	0.51857	
40.1631	0.518416	
40.3206	0.518261	
40.4786	0.518105	
40.6373	0.517947	
40.7966	0.517789	
40.9565	0.51763	
41.117	0.51747	
41.2782	0.517309	
41.44	0.517147	
41.6024	0.516984	
41.7655	0.516821	
41.9292	0.516656	
42.0935	0.51649	
42.2585	0.516324	
42.4242	0.516156	
42.5905	0.515988	
42.7574	0.515819	
42.925	0.515649	
43.0932	0.515478	
43.2622	0.515306	
43.4317	0.515133	
43.602	0.514959	
43.7729	0.514785	
43.9444	0.51461	
44.1167	0.514433	
44.2896	0.514256	
44.4632	0.514078	
44.6375	0.513899	
44.8125	0.51372	
44.9881	0.513539	
45.1645	0.513358	
45.3415	0.513176	
45.5192	0.512993	
45.6976	0.512809	
45.8768	0.512624	
46.0566	0.512439	
46.2371	0.512253	
46.4183	0.512066	
46.6003	0.511878	
46.7829	0.511689	
46.9663	0.5115	
47.1504	0.511309	
47.3352	0.511118	
47.5208	0.510926	
47.707	0.510734	
47.894	0.51054	
48.0818	0.510346	
48.2702	0.510151	
48.4594	0.509955	
48.6494	0.509759	
48.8401	0.509562	
49.0315	0.509364	
49.2237	0.509165	
49.4166	0.508966	
49.6103	0.508765	
49.8048	0.508564	
